m2, sinTheta, a2, b3, b4, alpha, betaoverH, LHCflag, Tstar
170.0, 0.01, 0.471238898038, 394.144214319, 2.34572251468, 0.0181098023578, 898.624946429, 0, 97.8484033376
170.0, 0.01, 0.471238898038, 394.144214319, 2.25189361409, 0.0317663870422, 2601.3927943, 0, 84.5466126216
170.0, 0.01, 0.769690200129, -394.144214319, 3.54539202933, 0.0107545997604, 920.308984491, 0, 107.207669815
170.0, 0.01, 0.769690200129, -394.144214319, 3.39124454979, 0.0170723954084, 821.110866625, 0, 96.7685926881
170.0, 0.01, 0.769690200129, -394.144214319, 3.23709707026, 0.0318501453915, 639.487787151, 0, 83.3861804041
170.0, 0.01, 0.769690200129, -394.144214319, 3.08294959072, 0.0870654852745, 847.035143493, 0, 64.7239965078
170.0, 0.01, 0.769690200129, 262.762809546, 1.67551608191, 0.0188212094263, 280.804053685, 0, 97.1518388224
170.0, 0.01, 0.769690200129, 262.762809546, 1.60849543863, 0.237137654912, 37.8607017554, 0, 54.1346400746
170.0, 0.01, 0.769690200129, 394.144214319, 3.538689965, 0.0132664685718, 905.425006291, 0, 102.000870748
170.0, 0.01, 0.769690200129, 394.144214319, 3.37784042114, 0.0221649366892, 789.783158063, 0, 90.6032882413
170.0, 0.01, 0.769690200129, 394.144214319, 3.21699087727, 0.047158190057, 696.92408009, 0, 75.2608658725
170.0, 0.01, 0.769690200129, 394.144214319, 3.05614133341, 0.175165421301, 3084.56236992, 0, 53.6976745875
170.0, 0.01, 0.769690200129, 525.525619093, 6.21522637489, 0.0123839403586, 1595.31206982, 0, 90.4829228262
170.0, 0.01, 1.06814150222, -394.144214319, 5.0768137282, 0.013182867317, 1389.56242105, 0, 100.081761982
170.0, 0.01, 1.06814150222, -394.144214319, 4.73835947966, 0.0224871785869, 967.326541111, 0, 88.1527233035
170.0, 0.01, 1.06814150222, -394.144214319, 4.39990523111, 0.0592782807382, 700.273591787, 0, 69.2556443545
170.0, 0.01, 1.06814150222, -262.762809546, 2.81486701762, 0.0104816229964, 849.738657752, 0, 106.784714882
170.0, 0.01, 1.06814150222, -262.762809546, 2.68082573106, 0.0169571598112, 517.496280066, 0, 96.4859979593
170.0, 0.01, 1.06814150222, -262.762809546, 2.54678444451, 0.0366637740055, 282.81642109, 0, 81.0679661296
170.0, 0.01, 1.06814150222, -131.381404773, 1.17286125734, 0.0150237138527, 340.336584313, 0, 100.718002953
170.0, 0.01, 1.06814150222, -131.381404773, 1.12594680705, 0.040536077508, 80.6671581147, 0, 81.410540376
170.0, 0.01, 1.06814150222, 131.381404773, 1.23317983629, 0.0121459448943, 423.412066064, 0, 104.62677901
170.0, 0.01, 1.06814150222, 131.381404773, 1.17956332167, 0.0247276833269, 213.599052491, 0, 90.3321247046
170.0, 0.01, 1.06814150222, 262.762809546, 2.81486701762, 0.013270962889, 670.45605433, 0, 101.31216594
170.0, 0.01, 1.06814150222, 262.762809546, 2.67412366674, 0.0234881908652, 411.883807519, 0, 89.3707456534
170.0, 0.01, 1.06814150222, 262.762809546, 2.53338031585, 0.0742577669033, 154.337990031, 0, 68.3059412014
170.0, 0.01, 1.06814150222, 394.144214319, 5.41526797675, 0.0103689704536, 2029.50880975, 0, 105.265490425
170.0, 0.01, 1.06814150222, 394.144214319, 5.0768137282, 0.015092732498, 1341.96838701, 0, 96.5420407383
170.0, 0.01, 1.06814150222, 394.144214319, 4.73835947966, 0.0270275516821, 949.111528383, 0, 83.8514586338
170.0, 0.01, 1.06814150222, 394.144214319, 4.39990523111, 0.0830173432819, 761.754131197, 0, 63.2163934995
170.0, 0.01, 1.36659280431, -394.144214319, 7.10753921948, 0.0132316079467, 7713.62633176, 0, 97.5691416231
170.0, 0.01, 1.36659280431, -394.144214319, 6.76908497094, 0.0176313460867, 2275.137929, 0, 91.0951691628
170.0, 0.01, 1.36659280431, -394.144214319, 6.43063072239, 0.0256423146462, 1568.17066899, 0, 83.0077532932
170.0, 0.01, 1.36659280431, -394.144214319, 6.09217647384, 0.0452220239025, 1124.74157106, 0, 71.9113668167
170.0, 0.01, 1.36659280431, -394.144214319, 5.7537222253, 0.126128669703, 1578.24989546, 0, 55.3304366563
170.0, 0.01, 1.36659280431, -262.762809546, 4.39990523111, 0.0132195080583, 1010.67282246, 0, 99.7334089554
170.0, 0.01, 1.36659280431, -262.762809546, 4.06145098256, 0.0233410893956, 566.345685906, 0, 87.5439237483
170.0, 0.01, 1.36659280431, -131.381404773, 2.46635967258, 0.0108467468165, 762.017172628, 0, 104.847070581
170.0, 0.01, 1.36659280431, -131.381404773, 2.31221219304, 0.016817619165, 521.78192998, 0, 95.6008291322
170.0, 0.01, 1.36659280431, -131.381404773, 2.1580647135, 0.0361884490657, 249.771150427, 0, 80.5248792584
170.0, 0.01, 1.36659280431, 0.0, 0.91148074856, 0.0117425263544, 519.818199802, 0, 103.900927336
170.0, 0.01, 1.36659280431, 0.0, 0.857864233939, 0.0172436117568, 315.676749133, 0, 96.1461789177
170.0, 0.01, 1.36659280431, 0.0, 0.804247719318, 0.033293627244, 91.4687343262, 0, 83.4668963072
170.0, 0.01, 1.36659280431, 131.381404773, 2.53338031585, 0.0115226874715, 787.309706056, 0, 103.202473293
170.0, 0.01, 1.36659280431, 131.381404773, 2.25189361409, 0.0304761004278, 302.247682068, 0, 83.3935522619
170.0, 0.01, 1.36659280431, 262.762809546, 4.73835947966, 0.0105008732527, 1556.82253225, 0, 104.551246116
170.0, 0.01, 1.36659280431, 262.762809546, 4.39990523111, 0.0154285104079, 940.885859606, 0, 95.9512433526
170.0, 0.01, 1.36659280431, 394.144214319, 7.44599346803, 0.0114547940333, 9009.29517213, 0, 100.359007929
170.0, 0.01, 1.36659280431, 394.144214319, 7.10753921948, 0.0147234516689, 3281.3149508, 0, 94.6721650425
170.0, 0.01, 1.36659280431, 394.144214319, 6.76908497094, 0.0198218741929, 2226.70553076, 0, 88.0257553517
170.0, 0.01, 1.36659280431, 394.144214319, 6.43063072239, 0.029993880012, 1511.60759683, 0, 79.3501126462
170.0, 0.01, 1.36659280431, 394.144214319, 6.09217647384, 0.0569757806203, 1128.30125995, 0, 67.3745087715
170.0, 0.01, 1.6650441064, -394.144214319, 8.12290196512, 0.0372105453063, 2418.11391076, 0, 73.2951196894
170.0, 0.01, 1.6650441064, -394.144214319, 7.78444771658, 0.0618060151713, 4145.80797393, 0, 64.2260170601
170.0, 0.01, 1.6650441064, -262.762809546, 7.10753921948, 0.0103001999587, 2587.41079232, 0, 103.861813459
170.0, 0.01, 1.6650441064, -262.762809546, 6.76908497094, 0.0122649885008, 2254.24692574, 0, 99.7934090713
170.0, 0.01, 1.6650441064, -262.762809546, 6.43063072239, 0.0152909754074, 1419.95991642, 0, 94.7755034523
170.0, 0.01, 1.6650441064, -262.762809546, 6.09217647384, 0.0205103010294, 1040.31913071, 0, 88.3689763303
170.0, 0.01, 1.6650441064, -262.762809546, 5.7537222253, 0.0314022880815, 747.557250845, 0, 79.6935084191
170.0, 0.01, 1.6650441064, -262.762809546, 5.41526797675, 0.0646164179011, 427.600441644, 0, 66.7436760549
170.0, 0.01, 1.6650441064, -262.762809546, 5.0768137282, 0.567523327417, 169.965299841, 0, 39.3703682267
170.0, 0.01, 1.6650441064, -131.381404773, 4.35634181298, 0.0119526385177, 1258.95253999, 0, 101.232173102
170.0, 0.01, 1.6650441064, -131.381404773, 4.02123859659, 0.0176040523535, 770.830392698, 0, 92.8380198808
170.0, 0.01, 1.6650441064, -131.381404773, 3.68613538021, 0.0336948195682, 434.140731514, 0, 79.8190818023
170.0, 0.01, 1.6650441064, 0.0, 2.41274315796, 0.0133920999043, 738.206494241, 0, 99.1202435314
170.0, 0.01, 1.6650441064, 0.0, 2.14466058485, 0.0259225789743, 322.930667602, 0, 85.7230484579
170.0, 0.01, 1.6650441064, 131.381404773, 4.59761612877, 0.0110629746906, 1448.78366411, 0, 102.634852832
170.0, 0.01, 1.6650441064, 131.381404773, 4.26921497672, 0.0150880519211, 992.634862584, 0, 95.7949277212
170.0, 0.01, 1.6650441064, 131.381404773, 3.94081382466, 0.0242783352098, 590.993408936, 0, 85.8583664225
170.0, 0.01, 1.6650441064, 131.381404773, 3.61241267261, 0.0614625777907, 202.206195504, 0, 68.8602380357
170.0, 0.01, 1.6650441064, 262.762809546, 7.10753921948, 0.0112244547816, 2726.27230614, 0, 101.45851205
170.0, 0.01, 1.6650441064, 262.762809546, 6.76908497094, 0.013517249912, 1922.74280603, 0, 97.1729323026
170.0, 0.01, 1.6650441064, 262.762809546, 6.43063072239, 0.0171627507514, 1513.47892452, 0, 91.828025457
170.0, 0.01, 1.6650441064, 262.762809546, 6.09217647384, 0.0237702100956, 983.594314914, 0, 84.8960580891
170.0, 0.01, 1.6650441064, 262.762809546, 5.7537222253, 0.0385356408967, 662.381877882, 0, 75.4303831898
170.0, 0.01, 1.96349540849, -262.762809546, 8.12290196512, 0.0260273367611, 1520.98466024, 0, 81.5986047135
170.0, 0.01, 1.96349540849, -262.762809546, 7.78444771658, 0.0363020413315, 1044.3006453, 0, 75.1170769562
170.0, 0.01, 1.96349540849, -262.762809546, 7.44599346803, 0.0587049979517, 718.056975764, 0, 66.6133946136
170.0, 0.01, 1.96349540849, -262.762809546, 7.10753921948, 0.134152681464, 452.384704079, 0, 54.2402016756
170.0, 0.01, 1.96349540849, -131.381404773, 7.10753921948, 0.0112873494711, 2336.85587061, 0, 101.323559003
170.0, 0.01, 1.96349540849, -131.381404773, 6.76908497094, 0.0131833552115, 1630.30336477, 0, 97.7481273904
170.0, 0.01, 1.96349540849, -131.381404773, 6.43063072239, 0.0160471449036, 1269.07365692, 0, 93.3544594863
170.0, 0.01, 1.96349540849, -131.381404773, 6.09217647384, 0.0207087783768, 1057.31302512, 0, 87.8701089923
170.0, 0.01, 1.96349540849, -131.381404773, 5.7537222253, 0.0294774456122, 713.070266755, 0, 80.7196690505
170.0, 0.01, 1.96349540849, -131.381404773, 5.41526797675, 0.0514202330807, 403.574875037, 0, 70.5044265749
170.0, 0.01, 1.96349540849, -131.381404773, 5.0768137282, 0.179988141575, 167.533199469, 0, 52.0029165435
170.0, 0.01, 1.96349540849, 0.0, 4.97527745364, 0.0112539309407, 1334.56861496, 0, 101.696368904
170.0, 0.01, 1.96349540849, 0.0, 4.64359229006, 0.0139973004007, 1069.64427208, 0, 96.8755027317
170.0, 0.01, 1.96349540849, 0.0, 4.31190712649, 0.018731205001, 766.868231083, 0, 90.6452619716
170.0, 0.01, 1.96349540849, 0.0, 3.98022196291, 0.0289940304088, 473.320283371, 0, 81.865935178
170.0, 0.01, 1.96349540849, 0.0, 3.64853679934, 0.0673716493243, 220.761421634, 0, 67.0015403826
170.0, 0.01, 1.96349540849, 131.381404773, 7.44599346803, 0.010680484736, 2943.33204931, 0, 102.239308375
170.0, 0.01, 1.96349540849, 131.381404773, 7.10753921948, 0.0122400157908, 2517.30786858, 0, 99.0729323945
170.0, 0.01, 1.96349540849, 131.381404773, 6.76908497094, 0.0145197239309, 1770.19544752, 0, 95.2131002977
170.0, 0.01, 1.96349540849, 131.381404773, 6.43063072239, 0.0179266897695, 1371.52745823, 0, 90.5787259056
170.0, 0.01, 1.96349540849, 131.381404773, 6.09217647384, 0.0237778398585, 854.425076831, 0, 84.6543964724
170.0, 0.01, 1.96349540849, 131.381404773, 5.7537222253, 0.03563847888, 616.673520313, 0, 76.7480550334
170.0, 0.01, 1.96349540849, 131.381404773, 5.41526797675, 0.0701785796024, 348.941586426, 0, 65.0495359762
170.0, 0.01, 1.96349540849, 262.762809546, 8.12290196512, 0.0297992527103, 1351.02574233, 0, 78.4983187224
170.0, 0.01, 1.96349540849, 262.762809546, 7.78444771658, 0.043340853044, 951.317941463, 0, 71.4791271046
170.0, 0.01, 1.96349540849, 262.762809546, 7.44599346803, 0.0762489985176, 651.8719498, 0, 62.0530339258
170.0, 0.01, 2.26194671058, -131.381404773, 8.12290196512, 0.0303824250476, 1017.51914451, 0, 78.5916713492
170.0, 0.01, 2.26194671058, -131.381404773, 7.78444771658, 0.0423267710743, 741.882723763, 0, 72.4059195876
170.0, 0.01, 2.26194671058, -131.381404773, 7.44599346803, 0.0687942140399, 523.659165548, 0, 64.2090128806
170.0, 0.01, 2.26194671058, -131.381404773, 7.10753921948, 0.164161907112, 303.790145419, 0, 51.8867091186
170.0, 0.01, 2.26194671058, 0.0, 8.12290196512, 0.0112479635527, 2654.29395283, 0, 100.587006363
170.0, 0.01, 2.26194671058, 0.0, 7.78444771658, 0.0126408442422, 2211.58008341, 0, 97.9355418419
170.0, 0.01, 2.26194671058, 0.0, 7.44599346803, 0.0144406138868, 1972.74771986, 0, 94.9464635828
170.0, 0.01, 2.26194671058, 0.0, 7.10753921948, 0.0169407087917, 1437.98075698, 0, 91.4439026471
170.0, 0.01, 2.26194671058, 0.0, 6.76908497094, 0.0205853187283, 1153.51375754, 0, 87.2980311715
170.0, 0.01, 2.26194671058, 0.0, 6.43063072239, 0.0265322652222, 830.312216005, 0, 82.1382915277
170.0, 0.01, 2.26194671058, 0.0, 6.09217647384, 0.0375406613996, 569.34855646, 0, 75.5233120745
170.0, 0.01, 2.26194671058, 0.0, 5.7537222253, 0.0646219881682, 363.914113202, 0, 66.1852464548
170.0, 0.01, 2.26194671058, 0.0, 5.41526797675, 0.208616133968, 152.260745831, 0, 49.8648792184
170.0, 0.01, 2.26194671058, 131.381404773, 8.12290196512, 0.0351833030783, 966.813766891, 0, 75.4339914595
170.0, 0.01, 2.26194671058, 131.381404773, 7.78444771658, 0.0514032146175, 674.369116236, 0, 68.6669431592
170.0, 0.01, 2.26194671058, 131.381404773, 7.44599346803, 0.0924187278707, 450.385487302, 0, 59.3953330989
170.0, 0.01, 2.26194671058, 131.381404773, 7.10753921948, 0.309600231916, 249.255603537, 0, 44.3050622545
170.0, 0.01, 2.56039801268, 0.0, 8.12290196512, 0.0701475386312, 503.432683908, 0, 63.5253727511
170.0, 0.01, 2.56039801268, 0.0, 7.78444771658, 0.136932558312, 324.505049006, 0, 53.9586280196
170.0, 0.01, 2.56039801268, 0.0, 7.44599346803, 0.720277507341, 160.012228472, 0, 36.522850186
170.0, 0.1, 0.471238898038, 394.144214319, 2.57359270182, 0.013670183915, 1007.64634041, 1, 102.257552386
170.0, 0.1, 0.471238898038, 394.144214319, 2.46635967258, 0.0234568448961, 3009.77991051, 1, 89.8036760901
170.0, 0.1, 0.769690200129, -394.144214319, 3.18348055564, 0.0144189843334, 715.129659852, 1, 102.462819496
170.0, 0.1, 0.769690200129, -394.144214319, 3.05614133341, 0.0257962662174, 617.452342918, 1, 89.536620105
170.0, 0.1, 0.769690200129, -394.144214319, 2.92880211119, 0.0596354398199, 537.083017886, 1, 72.7715637876
170.0, 0.1, 0.769690200129, 262.762809546, 1.84976975444, 0.0188027674187, 377.676784975, 1, 95.1858712243
170.0, 0.1, 0.769690200129, 394.144214319, 3.86038905273, 0.0136457993369, 1250.93378503, 1, 99.3507847903
170.0, 0.1, 0.769690200129, 394.144214319, 3.64592299424, 0.0232667183579, 973.380700016, 1, 87.5319036447
170.0, 0.1, 0.769690200129, 394.144214319, 3.43145693576, 0.0553032970567, 863.907692878, 1, 70.3949654444
170.0, 0.1, 1.06814150222, -394.144214319, 4.78527392995, 0.0105136376635, 1245.78182495, 1, 107.224061068
170.0, 0.1, 1.06814150222, -394.144214319, 4.55740374281, 0.0149538162217, 980.140448867, 1, 99.0607598573
170.0, 0.1, 1.06814150222, -394.144214319, 4.32953355567, 0.0245333609623, 781.245373709, 1, 88.1127059042
170.0, 0.1, 1.06814150222, -394.144214319, 4.10166336853, 0.0549684377018, 528.838102358, 1, 72.218905167
170.0, 0.1, 1.06814150222, -394.144214319, 3.87379318139, 0.333469406737, 2262.74464142, 1, 45.8413167629
170.0, 0.1, 1.06814150222, -262.762809546, 2.51327412287, 0.0103382156554, 661.043106982, 1, 108.89417544
170.0, 0.1, 1.06814150222, -262.762809546, 2.31221219304, 0.0423324765836, 208.701991186, 1, 80.0659822134
170.0, 0.1, 1.06814150222, 0.0, 0.167551608191, 0.0209297647536, 88.124265256, 1, 94.4168445547
170.0, 0.1, 1.06814150222, 131.381404773, 1.44764589478, 0.0134231087551, 539.325424692, 1, 100.763775065
170.0, 0.1, 1.06814150222, 131.381404773, 1.36722112284, 0.0258763068748, 269.971269609, 1, 87.6247307831
170.0, 0.1, 1.06814150222, 262.762809546, 3.31028361272, 0.0102204295037, 1138.7128375, 1, 105.296603107
170.0, 0.1, 1.06814150222, 262.762809546, 3.03442664499, 0.019495545111, 633.656696776, 1, 91.4451874114
170.0, 0.1, 1.06814150222, 394.144214319, 5.79299632225, 0.0118444085438, 3031.16153169, 1, 100.039851718
170.0, 0.1, 1.06814150222, 394.144214319, 5.47116319324, 0.0164216328177, 2089.05802365, 1, 92.521685285
170.0, 0.1, 1.06814150222, 394.144214319, 5.14933006422, 0.0262165018402, 1479.68831234, 1, 82.3976646545
170.0, 0.1, 1.06814150222, 394.144214319, 4.82749693521, 0.0573362542826, 1142.95506071, 1, 67.4776895371
170.0, 0.1, 1.36659280431, -394.144214319, 6.76908497094, 0.0109387263551, 2450.56711486, 1, 104.177210745
170.0, 0.1, 1.36659280431, -394.144214319, 6.43063072239, 0.0142510168436, 1834.14643505, 1, 97.9390539758
170.0, 0.1, 1.36659280431, -394.144214319, 6.09217647384, 0.0203933932516, 1294.77608636, 1, 89.8341731535
170.0, 0.1, 1.36659280431, -394.144214319, 5.7537222253, 0.0350396769529, 910.597402866, 1, 78.5643484633
170.0, 0.1, 1.36659280431, -394.144214319, 5.41526797675, 0.0954917735216, 604.452814332, 1, 61.0170795517
170.0, 0.1, 1.36659280431, -262.762809546, 4.07485511121, 0.0101815185114, 1089.90981657, 1, 107.250577205
170.0, 0.1, 1.36659280431, -262.762809546, 3.86038905273, 0.0146626048472, 686.695799224, 1, 99.1726503036
170.0, 0.1, 1.36659280431, -262.762809546, 3.64592299424, 0.0245960429577, 455.869885737, 1, 88.1954288856
170.0, 0.1, 1.36659280431, -262.762809546, 3.43145693576, 0.0659205736966, 241.522358756, 1, 69.8336226132
170.0, 0.1, 1.36659280431, -131.381404773, 2.06423581292, 0.0126562500147, 519.525090851, 1, 103.257480185
170.0, 0.1, 1.36659280431, -131.381404773, 1.97040691233, 0.0204168455677, 316.477455711, 1, 93.3516813796
170.0, 0.1, 1.36659280431, -131.381404773, 1.87657801174, 0.0485672113504, 139.295708572, 1, 76.8349214532
170.0, 0.1, 1.36659280431, 0.0, 1.17956332167, 0.0139861228629, 558.036753514, 1, 98.7074620361
170.0, 0.1, 1.36659280431, 0.0, 1.07233029242, 0.0249559619524, 290.704183534, 1, 87.2075327896
170.0, 0.1, 1.36659280431, 131.381404773, 3.07383478323, 0.0102057973868, 1285.23683119, 1, 104.318711453
170.0, 0.1, 1.36659280431, 131.381404773, 2.81768188463, 0.0155672724494, 673.243521476, 1, 95.267046631
170.0, 0.1, 1.36659280431, 131.381404773, 2.56152898603, 0.0335261151711, 361.147984213, 1, 80.0130375169
170.0, 0.1, 1.36659280431, 262.762809546, 5.3549493978, 0.0105966066767, 1876.94687089, 1, 102.709067054
170.0, 0.1, 1.36659280431, 262.762809546, 5.0399523744, 0.0137474298256, 1495.49345858, 1, 96.8082439272
170.0, 0.1, 1.36659280431, 262.762809546, 4.724955351, 0.0198538414104, 955.900805842, 1, 88.8372106041
170.0, 0.1, 1.36659280431, 262.762809546, 4.4099583276, 0.0358917997415, 596.181934073, 1, 77.044957483
170.0, 0.1, 1.36659280431, 262.762809546, 4.0949613042, 0.135863573417, 245.510022475, 1, 55.5955127666
170.0, 0.1, 1.6650441064, -394.144214319, 8.12290196512, 0.0199803794368, 2622.43683362, 1, 88.0504776198
170.0, 0.1, 1.6650441064, -394.144214319, 7.78444771658, 0.027580513893, 2081.72816097, 1, 81.2167138223
170.0, 0.1, 1.6650441064, -394.144214319, 7.44599346803, 0.0435128478862, 1556.06359258, 1, 72.354216758
170.0, 0.1, 1.6650441064, -394.144214319, 7.10753921948, 0.09070772363, 919.925731323, 1, 60.0140565334
170.0, 0.1, 1.6650441064, -262.762809546, 6.25463451314, 0.0105904116692, 1666.27319166, 1, 104.925282144
170.0, 0.1, 1.6650441064, -262.762809546, 5.97033294436, 0.0128269847661, 1271.86229571, 1, 100.473463156
170.0, 0.1, 1.6650441064, -262.762809546, 5.68603137558, 0.0164789943311, 1047.70736943, 1, 94.8247851399
170.0, 0.1, 1.6650441064, -262.762809546, 5.4017298068, 0.0231295184128, 799.390030905, 1, 87.5195676635
170.0, 0.1, 1.6650441064, -262.762809546, 5.11742823803, 0.0386603605643, 487.438854733, 1, 77.3365530238
170.0, 0.1, 1.6650441064, -262.762809546, 4.83312666925, 0.104306756823, 245.073125585, 1, 60.7051338361
170.0, 0.1, 1.6650441064, -131.381404773, 3.86038905273, 0.0105415122837, 1019.76358242, 1, 105.591045776
170.0, 0.1, 1.6650441064, -131.381404773, 3.64592299424, 0.0139094756066, 698.140345907, 1, 99.470467117
170.0, 0.1, 1.6650441064, -131.381404773, 3.43145693576, 0.0206375612361, 479.094230304, 1, 91.0902026835
170.0, 0.1, 1.6650441064, -131.381404773, 3.21699087727, 0.0394402861647, 314.820349569, 1, 78.4167154116
170.0, 0.1, 1.6650441064, 0.0, 3.21699087728, 0.0102293956063, 1217.46521051, 1, 103.516239421
170.0, 0.1, 1.6650441064, 0.0, 2.68082573106, 0.0204999024068, 549.215053505, 1, 88.8683147363
170.0, 0.1, 1.6650441064, 0.0, 2.41274315796, 0.0445382073241, 253.032180933, 1, 74.2735411149
170.0, 0.1, 1.6650441064, 131.381404773, 5.46888449137, 0.0100608782853, 2016.47802052, 1, 103.308184615
170.0, 0.1, 1.6650441064, 131.381404773, 5.14718540364, 0.0122024895956, 1478.13509839, 1, 98.9233483877
170.0, 0.1, 1.6650441064, 131.381404773, 4.82548631591, 0.0157166076536, 1200.95385652, 1, 93.3513670543
170.0, 0.1, 1.6650441064, 131.381404773, 4.50378722819, 0.0225392870611, 774.076815741, 1, 85.7895756435
170.0, 0.1, 1.6650441064, 131.381404773, 4.18208814046, 0.0410591357866, 423.107450197, 1, 74.3484495714
170.0, 0.1, 1.6650441064, 262.762809546, 7.78444771658, 0.0114256693885, 7598.93448399, 1, 99.103219242
170.0, 0.1, 1.6650441064, 262.762809546, 7.44599346803, 0.0136120158457, 3296.8988058, 1, 95.1410873866
170.0, 0.1, 1.6650441064, 262.762809546, 7.10753921948, 0.0167380881117, 2120.25327628, 1, 90.5405952224
170.0, 0.1, 1.6650441064, 262.762809546, 6.76908497094, 0.021863703246, 1580.5931054, 1, 84.8369460753
170.0, 0.1, 1.6650441064, 262.762809546, 6.43063072239, 0.0314969880189, 1072.6946234, 1, 77.516856391
170.0, 0.1, 1.6650441064, 262.762809546, 6.09217647384, 0.0551395170554, 668.206958575, 1, 67.4118047106
170.0, 0.1, 1.6650441064, 262.762809546, 5.7537222253, 0.166292332749, 395.324887358, 1, 51.2285912443
170.0, 0.1, 1.96349540849, -262.762809546, 8.12290196512, 0.0154951086888, 1910.1685065, 1, 94.5197826846
170.0, 0.1, 1.96349540849, -262.762809546, 7.78444771658, 0.0191994947176, 1471.73727897, 1, 89.7808123487
170.0, 0.1, 1.96349540849, -262.762809546, 7.44599346803, 0.0252693691879, 1074.92080235, 1, 83.965117672
170.0, 0.1, 1.96349540849, -262.762809546, 7.10753921948, 0.0370243374323, 771.219347531, 1, 76.4217571617
170.0, 0.1, 1.96349540849, -262.762809546, 6.76908497094, 0.0669657845951, 505.233037898, 1, 65.9918264204
170.0, 0.1, 1.96349540849, -262.762809546, 6.43063072239, 0.237670749059, 255.518600178, 1, 48.3713927329
170.0, 0.1, 1.96349540849, -131.381404773, 6.299940468, 0.0108328665571, 1944.06599433, 1, 103.865080301
170.0, 0.1, 1.96349540849, -131.381404773, 5.9849434446, 0.0129405960748, 1386.40988985, 1, 99.7835627771
170.0, 0.1, 1.96349540849, -131.381404773, 5.6699464212, 0.0162086782887, 1102.42245488, 1, 94.7375867698
170.0, 0.1, 1.96349540849, -131.381404773, 5.3549493978, 0.0219876797138, 694.484960614, 1, 88.2029580803
170.0, 0.1, 1.96349540849, -131.381404773, 5.0399523744, 0.0347794096452, 483.522067483, 1, 79.0725774095
170.0, 0.1, 1.96349540849, -131.381404773, 4.724955351, 0.0826196290719, 304.730323092, 1, 64.1911336682
170.0, 0.1, 1.96349540849, 0.0, 6.09217647384, 0.0100131164971, 2381.8541888, 1, 102.916495916
170.0, 0.1, 1.96349540849, 0.0, 5.7537222253, 0.0115241028187, 2141.98399899, 1, 99.7168221675
170.0, 0.1, 1.96349540849, 0.0, 5.41526797675, 0.013757011016, 1519.88273231, 1, 95.7790468048
170.0, 0.1, 1.96349540849, 0.0, 5.0768137282, 0.0172287250138, 999.551266509, 1, 90.9113958403
170.0, 0.1, 1.96349540849, 0.0, 4.73835947966, 0.0235718557685, 800.308323932, 1, 84.4679214636
170.0, 0.1, 1.96349540849, 0.0, 4.39990523111, 0.0376538058279, 492.172734003, 1, 75.5356948655
170.0, 0.1, 1.96349540849, 0.0, 4.06145098256, 0.0965573950126, 196.5704731, 1, 60.2055711015
170.0, 0.1, 1.96349540849, 131.381404773, 8.12290196512, 0.0112738195562, 4380.78149203, 1, 99.2401987483
170.0, 0.1, 1.96349540849, 131.381404773, 7.78444771658, 0.0128800041896, 3423.52932686, 1, 96.2104491061
170.0, 0.1, 1.96349540849, 131.381404773, 7.44599346803, 0.0151104808599, 2265.24977825, 1, 92.6558429051
170.0, 0.1, 1.96349540849, 131.381404773, 7.10753921948, 0.0183236364912, 1708.2346613, 1, 88.4661043135
170.0, 0.1, 1.96349540849, 131.381404773, 6.76908497094, 0.0233805220772, 1176.09245162, 1, 83.3860253566
170.0, 0.1, 1.96349540849, 131.381404773, 6.43063072239, 0.032551365714, 807.91596564, 1, 76.8897618633
170.0, 0.1, 1.96349540849, 131.381404773, 6.09217647384, 0.0532335247432, 587.268381011, 1, 68.111284552
170.0, 0.1, 1.96349540849, 131.381404773, 5.7537222253, 0.132154430096, 301.548018849, 1, 54.4583474407
170.0, 0.1, 1.96349540849, 262.762809546, 8.12290196512, 0.0639299181049, 1233.87810164, 1, 63.1258218351
170.0, 0.1, 1.96349540849, 262.762809546, 7.78444771658, 0.134219114308, 976.364920208, 1, 52.3812392643
170.0, 0.1, 2.26194671058, -131.381404773, 8.12290196512, 0.0175145246078, 1707.27477987, 1, 91.6471477471
170.0, 0.1, 2.26194671058, -131.381404773, 7.78444771658, 0.0215323524441, 1123.2924054, 1, 87.2055773273
170.0, 0.1, 2.26194671058, -131.381404773, 7.44599346803, 0.0279900291714, 835.25521473, 1, 81.8189523238
170.0, 0.1, 2.26194671058, -131.381404773, 7.10753921948, 0.0401908631419, 600.232971024, 1, 74.8875908197
170.0, 0.1, 2.26194671058, -131.381404773, 6.76908497094, 0.0702467304224, 396.179788659, 1, 65.3033657306
170.0, 0.1, 2.26194671058, -131.381404773, 6.43063072239, 0.230640001864, 184.154199375, 1, 48.9412473302
170.0, 0.1, 2.26194671058, 0.0, 8.12290196512, 0.0154103244742, 2134.39509492, 1, 91.8679304799
170.0, 0.1, 2.26194671058, 0.0, 7.78444771658, 0.0180234173419, 1850.42441283, 1, 88.5092063617
170.0, 0.1, 2.26194671058, 0.0, 7.44599346803, 0.021732824449, 1422.17724456, 1, 84.6068496639
170.0, 0.1, 2.26194671058, 0.0, 7.10753921948, 0.0275430208897, 1000.49182202, 1, 79.8768787522
170.0, 0.1, 2.26194671058, 0.0, 6.76908497094, 0.0375685849565, 706.431964628, 1, 74.0388452131
170.0, 0.1, 2.26194671058, 0.0, 6.43063072239, 0.0589609829249, 483.577800723, 1, 66.2902547285
170.0, 0.1, 2.26194671058, 0.0, 6.09217647384, 0.12933163937, 276.577600868, 1, 54.7132386484
170.0, 0.1, 2.26194671058, 131.381404773, 8.12290196512, 0.0831237864302, 670.864013735, 1, 59.5052612405
170.0, 0.1, 2.26194671058, 131.381404773, 7.78444771658, 0.196991087613, 468.791956521, 1, 48.1238972083
240.0, 0.01, 1.49225651046, 649.178705938, 7.53982236861, 0.0153008042605, 398.50513512, 0, 104.621490034
240.0, 0.01, 1.49225651046, 649.178705938, 7.23822947387, 0.0285443582962, 241.995697279, 0, 91.4746460008
240.0, 0.01, 1.49225651046, 649.178705938, 6.93663657912, 0.126398277199, 61.6268708723, 0, 64.9686397101
240.0, 0.01, 1.72787595947, -649.178705938, 8.12290196512, 0.0927386373065, 199.753894961, 0, 69.2023486792
240.0, 0.01, 1.72787595947, 486.884029453, 4.69144502936, 0.0267008595522, 126.094675857, 0, 91.6752118532
240.0, 0.01, 1.96349540849, -486.884029453, 6.11228266682, 0.0143679288518, 343.458949376, 0, 104.31638706
240.0, 0.01, 1.96349540849, -486.884029453, 5.85760422237, 0.0262392423319, 207.34285333, 0, 91.7276774159
240.0, 0.01, 1.96349540849, 324.589352969, 3.35103216383, 0.0111781073112, 302.956742563, 0, 107.788246054
240.0, 0.01, 1.96349540849, 324.589352969, 3.21699087728, 0.0412999211019, 82.6575827241, 0, 82.1492500254
240.0, 0.01, 1.96349540849, 486.884029453, 6.76908497094, 0.0132946098412, 484.628253837, 0, 105.295572658
240.0, 0.01, 1.96349540849, 486.884029453, 6.43063072239, 0.0214365689289, 316.763062471, 0, 95.0940485068
240.0, 0.01, 1.96349540849, 486.884029453, 6.09217647384, 0.054436432265, 114.234256504, 0, 77.0573952102
240.0, 0.01, 2.19911485751, -486.884029453, 8.12290196512, 0.0197199649049, 426.898241344, 0, 96.9120230435
240.0, 0.01, 2.19911485751, -486.884029453, 7.78444771658, 0.027958282029, 363.283331952, 0, 89.572653995
240.0, 0.01, 2.19911485751, -486.884029453, 7.44599346803, 0.0506918508592, 192.239613272, 0, 78.1063000588
240.0, 0.01, 2.19911485751, -324.589352969, 4.47027690655, 0.013682994266, 371.772591232, 0, 103.786816867
240.0, 0.01, 2.19911485751, -324.589352969, 4.27591704104, 0.0268934274367, 153.557581217, 0, 90.0094821028
240.0, 0.01, 2.19911485751, -162.294676484, 2.0106192983, 0.0234444388533, 87.9421956623, 0, 92.8131547341
240.0, 0.01, 2.19911485751, 162.294676484, 2.31221219304, 0.0138051227854, 199.58316924, 0, 102.445391863
240.0, 0.01, 2.19911485751, 324.589352969, 5.0768137282, 0.0119174814175, 461.240979427, 0, 106.120946289
240.0, 0.01, 2.19911485751, 324.589352969, 4.73835947966, 0.022564017548, 248.693707007, 0, 92.7495021428
240.0, 0.01, 2.19911485751, 486.884029453, 8.12290196512, 0.0413877216216, 221.532459823, 0, 81.0929040423
240.0, 0.01, 2.19911485751, 486.884029453, 7.78444771658, 0.0903875555632, 112.964060186, 0, 67.5435170842
240.0, 0.01, 2.43473430653, -324.589352969, 7.10753921948, 0.0105405006274, 800.738459916, 0, 109.567477224
240.0, 0.01, 2.43473430653, -324.589352969, 6.76908497094, 0.0128734259342, 614.119191237, 0, 105.045254727
240.0, 0.01, 2.43473430653, -324.589352969, 6.43063072239, 0.0170066056238, 459.334718986, 0, 98.9212385508
240.0, 0.01, 2.43473430653, -324.589352969, 6.09217647384, 0.0257316057295, 276.036714233, 0, 90.2292099571
240.0, 0.01, 2.43473430653, -324.589352969, 5.7537222253, 0.0594941938387, 110.33849923, 0, 74.4916303984
240.0, 0.01, 2.43473430653, -162.294676484, 3.51858377202, 0.0108964872617, 475.041166669, 0, 107.448122104
240.0, 0.01, 2.43473430653, -162.294676484, 3.35103216382, 0.0169215332144, 270.517321819, 0, 98.3550667531
240.0, 0.01, 2.43473430653, 0.0, 1.47445415208, 0.0100118531154, 433.748573678, 0, 108.06140833
240.0, 0.01, 2.43473430653, 0.0, 1.4074335088, 0.0141367508085, 217.263946441, 0, 101.198026866
240.0, 0.01, 2.43473430653, 0.0, 1.34041286553, 0.0273318186609, 89.9654696961, 0, 88.383285451
240.0, 0.01, 2.43473430653, 162.294676484, 4.06145098256, 0.0112274162617, 535.747798365, 0, 106.311037559
240.0, 0.01, 2.43473430653, 162.294676484, 3.72299673401, 0.0208883804495, 250.281808799, 0, 93.3931809796
240.0, 0.01, 2.43473430653, 324.589352969, 8.12290196512, 0.0109207992543, 950.78176231, 0, 108.347096201
240.0, 0.01, 2.43473430653, 324.589352969, 7.78444771658, 0.0123611694115, 718.938958389, 0, 105.462109576
240.0, 0.01, 2.43473430653, 324.589352969, 7.44599346803, 0.0144796626031, 676.768892113, 0, 101.868342682
240.0, 0.01, 2.43473430653, 324.589352969, 7.10753921948, 0.0180097996962, 514.668904241, 0, 97.0612217581
240.0, 0.01, 2.43473430653, 324.589352969, 6.76908497094, 0.0242755525409, 391.776793744, 0, 90.7510806042
240.0, 0.01, 2.43473430653, 324.589352969, 6.43063072239, 0.0389512226203, 232.1313211, 0, 81.4300566773
240.0, 0.01, 2.43473430653, 324.589352969, 6.09217647384, 0.140664249422, 43.1504976046, 0, 60.3584432841
240.0, 0.01, 2.67035375555, -324.589352969, 8.12290196512, 0.0358736580126, 285.154582634, 0, 83.0960153898
240.0, 0.01, 2.67035375555, -324.589352969, 7.78444771658, 0.0566287672779, 204.817772403, 0, 74.6614239768
240.0, 0.01, 2.67035375555, -324.589352969, 7.44599346803, 0.173646528241, 65.2929814161, 0, 57.3746566108
240.0, 0.01, 2.67035375555, -162.294676484, 6.09217647384, 0.0101459396489, 718.137271518, 0, 109.404083933
240.0, 0.01, 2.67035375555, -162.294676484, 5.7537222253, 0.0122904794969, 579.09314186, 0, 105.089330958
240.0, 0.01, 2.67035375555, -162.294676484, 5.41526797675, 0.0159886247383, 468.467697998, 0, 99.3277821356
240.0, 0.01, 2.67035375555, -162.294676484, 5.0768137282, 0.0240163765506, 267.382510419, 0, 90.8142933346
240.0, 0.01, 2.67035375555, -162.294676484, 4.73835947966, 0.055486205968, 99.4257427344, 0, 75.0668649517
240.0, 0.01, 2.67035375555, 0.0, 3.04608823692, 0.0145816181391, 362.550941929, 0, 100.063301358
240.0, 0.01, 2.67035375555, 0.0, 2.70763398837, 0.0377158590855, 132.937334409, 0, 81.4723067904
240.0, 0.01, 2.67035375555, 162.294676484, 7.10753921948, 0.0106162591151, 869.244882121, 0, 108.053384492
240.0, 0.01, 2.67035375555, 162.294676484, 6.76908497094, 0.0119797207855, 783.249966428, 0, 105.249046349
240.0, 0.01, 2.67035375555, 162.294676484, 6.43063072239, 0.0139729482082, 614.814959159, 0, 101.760727004
240.0, 0.01, 2.67035375555, 162.294676484, 6.09217647384, 0.0171872253443, 497.017380164, 0, 97.2164150967
240.0, 0.01, 2.67035375555, 162.294676484, 5.7537222253, 0.0230042875441, 351.574755765, 0, 91.0643928599
240.0, 0.01, 2.67035375555, 162.294676484, 5.41526797675, 0.0370740268865, 186.417995695, 0, 81.6797274946
240.0, 0.01, 2.67035375555, 324.589352969, 8.12290196512, 0.113225119877, 112.242127573, 0, 62.8185204622
240.0, 0.01, 2.90597320457, -162.294676484, 8.12290196512, 0.0180250961152, 638.897728345, 0, 96.7492668262
240.0, 0.01, 2.90597320457, -162.294676484, 7.78444771658, 0.0212510257884, 533.33548598, 0, 93.1566740669
240.0, 0.01, 2.90597320457, -162.294676484, 7.44599346803, 0.0263310542158, 366.707442424, 0, 88.6564983314
240.0, 0.01, 2.90597320457, -162.294676484, 7.10753921948, 0.0356606079775, 297.893324179, 0, 82.6219996861
240.0, 0.01, 2.90597320457, -162.294676484, 6.76908497094, 0.0578191121693, 179.09645295, 0, 73.7853842915
240.0, 0.01, 2.90597320457, 0.0, 6.76908497094, 0.0101311935073, 986.995904337, 0, 108.581723448
240.0, 0.01, 2.90597320457, 0.0, 6.43063072239, 0.0110606794429, 873.323767977, 0, 106.505961118
240.0, 0.01, 2.90597320457, 0.0, 6.09217647384, 0.0123364752184, 788.282798811, 0, 103.982403002
240.0, 0.01, 2.90597320457, 0.0, 5.7537222253, 0.0141528799068, 607.019649014, 0, 100.882440894
240.0, 0.01, 2.90597320457, 0.0, 5.41526797675, 0.0170378319611, 496.426404325, 0, 96.8225788276
240.0, 0.01, 2.90597320457, 0.0, 5.0768137282, 0.0220759370017, 352.932797479, 0, 91.3782919585
240.0, 0.01, 2.90597320457, 0.0, 4.73835947966, 0.0330809428794, 222.822178879, 0, 83.3734208149
240.0, 0.01, 2.90597320457, 0.0, 4.39990523111, 0.083878590497, 82.2075649717, 0, 67.2493314236
240.0, 0.01, 2.90597320457, 162.294676484, 8.12290196512, 0.0295639982435, 383.107525745, 0, 85.6687995928
240.0, 0.01, 2.90597320457, 162.294676484, 7.78444771658, 0.0387467468155, 304.966093376, 0, 80.389394594
240.0, 0.01, 2.90597320457, 162.294676484, 7.44599346803, 0.0575081344468, 196.181555304, 0, 73.2455075879
240.0, 0.01, 3.14159265359, 0.0, 8.12290196512, 0.0225838350029, 580.475093336, 0, 90.8197061129
240.0, 0.01, 3.14159265359, 0.0, 7.78444771658, 0.026417390443, 446.841014, 0, 87.5516229516
240.0, 0.01, 3.14159265359, 0.0, 6.43063072239, 0.174978768382, 30.7181021634, 0, 56.1350403639
240.0, 0.1, 0.502654824574, 811.473382422, 8.21002880138, 0.0142475628729, 745.524285636, 1, 106.583439896
240.0, 0.1, 0.502654824574, 811.473382422, 7.88162764932, 0.0228704139083, 1019.66054855, 1, 95.7084954044
240.0, 0.1, 1.00530964915, 649.178705938, 5.69675467851, 0.0278407890374, 184.942589776, 1, 91.3353638585
240.0, 0.1, 1.25663706144, 649.178705938, 8.12290196512, 0.0139398373603, 638.772269254, 1, 103.946390357
240.0, 0.1, 1.25663706144, 649.178705938, 7.78444771658, 0.0196421947964, 484.176231381, 1, 96.5615024695
240.0, 0.1, 1.25663706144, 649.178705938, 7.44599346803, 0.0332619351405, 258.703916313, 1, 85.8263313198
240.0, 0.1, 1.25663706144, 649.178705938, 7.10753921948, 0.107081821695, 103.954781529, 1, 65.3943715713
240.0, 0.1, 1.50796447372, 486.884029453, 5.0768137282, 0.016895626789, 364.439978139, 1, 98.2995842013
240.0, 0.1, 1.75929188601, 162.294676484, 1.39402938015, 0.0130795186781, 408.60047535, 1, 102.194362728
240.0, 0.1, 1.75929188601, 324.589352969, 3.72299673401, 0.0133148135761, 509.534985407, 1, 101.718688792
240.0, 0.1, 1.75929188601, 324.589352969, 3.38454248547, 0.0862959642149, 29.5762138735, 1, 67.3077698657
240.0, 0.1, 1.75929188601, 486.884029453, 8.12290196512, 0.0123151283788, 804.432646461, 1, 104.464031145
240.0, 0.1, 1.75929188601, 486.884029453, 7.78444771658, 0.0145475751498, 751.504043917, 1, 100.746264574
240.0, 0.1, 1.75929188601, 486.884029453, 7.44599346803, 0.0181356720517, 529.111984347, 1, 95.9707258047
240.0, 0.1, 1.75929188601, 486.884029453, 7.10753921948, 0.0248639200659, 408.806224412, 1, 89.4047646623
240.0, 0.1, 1.75929188601, 486.884029453, 6.76908497094, 0.0411166899654, 230.392379826, 1, 79.6556228764
240.0, 0.1, 2.0106192983, 0.0, 0.589781660835, 0.0135038085082, 323.119394111, 1, 100.807512404
240.0, 0.1, 2.0106192983, 0.0, 0.516058953231, 0.0320771145306, 90.0762463876, 1, 84.2332396592
240.0, 0.1, 2.0106192983, 162.294676484, 2.70763398837, 0.0180507910149, 320.978984224, 1, 94.5107748608
240.0, 0.1, 2.0106192983, 324.589352969, 6.43063072239, 0.0114633068117, 855.111348693, 1, 104.692085529
240.0, 0.1, 2.0106192983, 324.589352969, 6.09217647384, 0.0138613018366, 671.33079675, 1, 100.489902628
240.0, 0.1, 2.0106192983, 324.589352969, 5.7537222253, 0.0179914846246, 479.820201175, 1, 94.8952840097
240.0, 0.1, 2.0106192983, 324.589352969, 5.41526797675, 0.0270717121477, 319.369599593, 1, 86.5886592086
240.0, 0.1, 2.0106192983, 324.589352969, 5.0768137282, 0.0631863337296, 124.90266753, 1, 71.2223673728
240.0, 0.1, 2.26194671058, 0.0, 2.36917973983, 0.0102202607538, 891.258875356, 1, 105.48457822
240.0, 0.1, 2.26194671058, 0.0, 2.03072549128, 0.0163700272598, 465.432470042, 1, 95.7838863998
240.0, 0.1, 2.26194671058, 162.294676484, 5.7537222253, 0.0106913550706, 948.330028458, 1, 105.308279024
240.0, 0.1, 2.26194671058, 162.294676484, 5.41526797675, 0.0124058812306, 875.793571771, 1, 101.984892841
240.0, 0.1, 2.26194671058, 162.294676484, 5.0768137282, 0.0151800860129, 583.726660101, 1, 97.5915939264
240.0, 0.1, 2.26194671058, 162.294676484, 4.73835947966, 0.020366459656, 391.703403569, 1, 91.4520551251
240.0, 0.1, 2.26194671058, 162.294676484, 4.39990523111, 0.032884184797, 252.173773815, 1, 82.0512869809
240.0, 0.1, 2.26194671058, 162.294676484, 4.06145098256, 0.152234019877, 30.5701145067, 1, 57.4424125181
240.0, 0.1, 2.26194671058, 324.589352969, 8.12290196512, 0.0264134740673, 497.272395492, 1, 86.4560506912
240.0, 0.1, 2.26194671058, 324.589352969, 7.78444771658, 0.0339922936005, 367.966833527, 1, 81.4835554081
240.0, 0.1, 2.26194671058, 324.589352969, 7.44599346803, 0.0487095448733, 255.574069168, 1, 74.8426816856
240.0, 0.1, 2.26194671058, 324.589352969, 7.10753921948, 0.0937686165784, 138.920258454, 1, 64.09285511
240.0, 0.1, 2.51327412287, -486.884029453, 7.874925585, 0.0321373392801, 242.402930775, 1, 89.1575942457
240.0, 0.1, 2.51327412287, -486.884029453, 7.5599285616, 0.0748546008646, 94.1617810345, 1, 73.3387867586
240.0, 0.1, 2.51327412287, 0.0, 5.41526797675, 0.0107140059383, 1179.4726445, 1, 104.672183032
240.0, 0.1, 2.51327412287, 0.0, 5.0768137282, 0.0120414806403, 827.057325711, 1, 102.055654852
240.0, 0.1, 2.51327412287, 0.0, 4.73835947966, 0.0140083812668, 770.936142042, 1, 98.732747182
240.0, 0.1, 2.51327412287, 0.0, 4.39990523111, 0.0172023523626, 552.55445887, 1, 94.3677015049
240.0, 0.1, 2.51327412287, 0.0, 4.06145098256, 0.0229199620118, 387.199430872, 1, 88.4911747378
240.0, 0.1, 2.51327412287, 0.0, 3.72299673401, 0.0372197173687, 229.963377852, 1, 79.2479861245
240.0, 0.1, 2.51327412287, 162.294676484, 8.12290196512, 0.0176355847274, 787.338944814, 1, 94.2471422961
240.0, 0.1, 2.51327412287, 162.294676484, 7.78444771658, 0.0200447787999, 617.464804321, 1, 91.4796748367
240.0, 0.1, 2.51327412287, 162.294676484, 7.44599346803, 0.0235881027907, 580.915516844, 1, 88.0732622341
240.0, 0.1, 2.51327412287, 162.294676484, 7.10753921948, 0.0290571283147, 427.352735994, 1, 83.8789978992
240.0, 0.1, 2.51327412287, 162.294676484, 6.76908497094, 0.0388055132333, 325.551281024, 1, 78.358595601
240.0, 0.1, 2.51327412287, 162.294676484, 6.43063072239, 0.0612135536763, 214.892940741, 1, 70.3591349293
240.0, 0.1, 2.51327412287, 162.294676484, 6.09217647384, 0.184754696429, 55.438646411, 1, 54.2118596485
240.0, 0.1, 2.76460153516, -162.294676484, 5.0768137282, 0.0114581157326, 960.331347402, 1, 102.806993912
240.0, 0.1, 2.76460153516, -162.294676484, 4.39990523111, 0.0141196095514, 762.322067986, 1, 98.1683212959
240.0, 0.1, 2.76460153516, -162.294676484, 4.06145098256, 0.0164272944431, 618.387485219, 1, 94.933272139
240.0, 0.1, 2.76460153516, -162.294676484, 3.72299673401, 0.0201175219606, 467.81658557, 1, 90.728329601
240.0, 0.1, 2.76460153516, -162.294676484, 3.38454248547, 0.0266482315653, 343.23836297, 1, 85.1451541858
240.0, 0.1, 2.76460153516, -162.294676484, 3.04608823692, 0.043730983523, 171.70209252, 1, 76.0228266091
240.0, 0.1, 2.76460153516, 0.0, 8.12290196512, 0.0166040499394, 870.014837504, 1, 95.0896857997
240.0, 0.1, 2.76460153516, 0.0, 7.78444771658, 0.0182977158124, 781.526447362, 1, 92.9652654888
240.0, 0.1, 2.76460153516, 0.0, 7.44599346803, 0.0205646634854, 608.15487603, 1, 90.4632393301
240.0, 0.1, 2.76460153516, 0.0, 7.10753921948, 0.0237493704137, 568.585783126, 1, 87.473623344
240.0, 0.1, 2.76460153516, 0.0, 6.76908497094, 0.0284155717285, 461.238859335, 1, 83.8738448156
240.0, 0.1, 2.76460153516, 0.0, 6.43063072239, 0.0361458822524, 336.072127337, 1, 79.2604707922
240.0, 0.1, 2.76460153516, 0.0, 6.09217647384, 0.0509316629813, 253.141669561, 1, 73.1050345525
240.0, 0.1, 2.76460153516, 0.0, 5.7537222253, 0.092965134313, 105.472571874, 1, 63.4011187263
240.0, 0.1, 3.01592894745, -162.294676484, 8.12290196512, 0.0176162135599, 883.421034367, 1, 93.5084466311
240.0, 0.1, 3.01592894745, -162.294676484, 7.78444771658, 0.0191518012908, 784.846791847, 1, 91.7032968909
240.0, 0.1, 3.01592894745, -162.294676484, 7.44599346803, 0.0210707180771, 706.988231944, 1, 89.678772042
240.0, 0.1, 3.01592894745, -162.294676484, 7.10753921948, 0.0236861438037, 554.562103723, 1, 87.2584671972
240.0, 0.1, 3.01592894745, -162.294676484, 6.76908497094, 0.0271875423257, 502.382181321, 1, 84.4784907506
240.0, 0.1, 3.01592894745, -162.294676484, 6.43063072239, 0.0323863408651, 372.897852787, 1, 81.078208545
240.0, 0.1, 3.01592894745, -162.294676484, 5.7537222253, 0.0564749792884, 227.457932801, 1, 71.1163569792
240.0, 0.1, 3.01592894745, -162.294676484, 5.41526797675, 0.0993627330417, 96.1797337656, 1, 62.2316800983
240.0, 0.1, 3.01592894745, 0.0, 8.12290196512, 0.240431393631, 79.4224222755, 1, 50.2086234732
240.0, 0.1, 3.26725635973, -162.294676484, 8.12290196512, 0.198330339523, 89.1742593001, 1, 52.4093353796
