m a2 Tstar vstaroverTstar alpha betaoverH
50.0 0.4 46.4235930178 4.68212735961 0.0437992070165 1365.31647158
50.0 0.5 46.905136242 4.59407956706 0.040310370781 2953.53288573
50.0 0.6 33.5175758709 7.05779677835 0.090271208544 592.054612303
50.0 0.7 29.4282999859 8.15443699143 0.114876827789 624.456620171
50.0 0.8 22.0161780992 11.0793716739 0.201037560924 1047.42600836
50.0 0.9 24.4775925715 9.92068616596 0.153993323998 1296.93391483
50.0 1.0 25.1758096778 9.61611261359 0.125309455265 3877.48280258
50.0 1.1 26.9338217126 8.95955752492 0.119814007189 2307.80971723
50.0 1.2 22.2616468966 10.9468986788 0.162927036262 3828.12739127
50.0 1.3 27.150781978 8.87766566706 0.112261023905 3739.67523868
60.0 0.3 75.025055183 0.335304278533 0.000324076121326 357143.289844
60.0 0.4 52.466544058 3.85270582672 0.031323788906 1230.46131565
60.0 0.5 41.0150003451 5.54533229517 0.0629488512414 379.39703072
60.0 0.7 20.0541262515 12.1985231833 0.339439705082 184.587701461
60.0 0.8 8.9313607071 27.5417199089 3.03127336213 2328.59396313
60.0 0.9 19.4871140171 12.558946737 0.310509072185 462.918287896
60.0 1.0 19.5712930962 12.5028300786 0.28680432859 752.676786966
60.0 1.1 31.0280965501 7.68080506052 0.0994692840925 784.872825759
60.0 1.2 26.7115331022 9.04251149029 0.13281908908 952.959584251
60.0 1.3 26.3967061867 9.15582058955 0.132226430121 1394.51426546
60.0 1.4 12.7720023321 19.2462161852 0.600058953906 2000.60171736
70.0 0.3 54.0647349125 3.68893170979 0.0323045501575 298.569451633
70.0 0.4 44.7706538979 4.94903557819 0.0563750245335 197.413596041
70.0 0.5 28.6421172486 8.41159013869 0.183590028997 66.7786438131
70.0 0.6 26.8521014961 9.00292705342 0.191088877183 91.1662019565
70.0 0.7 32.1193465961 7.41081003276 0.116473929777 150.102520292
70.0 0.8 25.4719584565 9.52275944599 0.200139850893 118.377313045
70.0 0.9 13.1454490605 18.698602069 1.34150411848 252.735926353
70.0 1.0 16.1960206918 15.1539833562 0.616106673847 255.245723603
70.0 1.1 13.4000098442 18.3412459288 1.02257563836 918.617265303
70.0 1.2 19.5531992243 12.5153558347 0.315631360705 390.063852266
70.0 1.3 11.5662594856 21.2611036703 1.36386801848 363706.099159
70.0 1.4 20.1093705135 12.1603117231 0.265594582334 886.334864543
80.0 0.3 73.842269066 0.859587891906 0.00182291911464 14849.19378
80.0 0.4 65.376569011 2.19143320256 0.0107939540478 1833.80902818
80.0 0.5 40.1219603779 5.68825458304 0.0757727584663 121.527457512
80.0 0.6 25.8208820086 9.39344329598 0.260627854299 40.2569635224
80.0 0.7 27.7305983707 8.70593489449 0.194124376127 61.050282349
80.0 0.8 21.2025568491 11.5244265934 0.396740622563 45.8629836763
80.0 0.9 27.9061052513 8.64268549224 0.169284922132 93.6112193889
80.0 1.0 13.5089924397 18.1934071765 1.46138626067 76.9760024312
80.0 1.1 11.9739127576 20.5356774329 2.03545820361 183.968251769
80.0 1.2 20.1036669713 12.1671156486 0.35429818067 122.235898369
80.0 1.3 12.1846640368 20.1790606009 1.59488097648 672.742171173
80.0 1.4 21.2444966786 11.496083136 0.276364326587 207.128716213
90.0 0.4 53.685182575 3.73094100444 0.0343334835584 149.22990176
90.0 0.5 73.5147339825 0.758911056024 0.00136768713888 38566.38802
90.0 0.6 45.5990849806 4.81341051237 0.0536494493907 153.594923465
90.0 0.7 20.4358640166 11.9700367844 0.585714688481 18.9333157667
90.0 0.8 37.4013761214 6.21419367687 0.0875458621483 110.288762461
90.0 0.9 29.1098987513 8.26035645314 0.168097098057 63.6109844286
90.0 1.0 48.6094279767 4.30664434275 0.0366794701395 479.403253188
90.0 1.1 13.5126936922 18.1886784825 1.69929015826 31.9910538257
90.0 1.2 6.8056503302 36.1461753197 20.9726187363 1237.50937515
90.0 1.3 15.2784182423 16.0737050201 0.947370295389 66.027098015
90.0 1.4 23.8105177076 10.2177776219 0.235904832687 99.0305339057
100.0 0.4 72.1703742005 0.804131841395 0.00159702093269 7188.67436158
100.0 0.5 68.3067646045 1.75382855115 0.00704470863163 1210.45635316
100.0 0.6 47.0872858102 4.59955260265 0.051238642238 116.813926938
100.0 0.7 53.842752595 3.6656426629 0.0299874749767 317.015224407
100.0 0.8 28.3630602284 8.50015802449 0.20350438199 98.3001081451
100.0 0.9 33.0248829299 7.18599685891 0.12866021237 60.736610565
100.0 1.0 33.8671942579 6.979603542 0.114779995579 76.3497076786
100.0 1.1 31.5656844838 7.55503135447 0.134695535308 71.6771714739
100.0 1.2 14.1078241179 17.4176303126 1.65556717962 17.9520110947
100.0 1.3 20.8124365987 11.7455559247 0.416555876212 39.1399415797
100.0 1.4 35.8294185113 6.52186224921 0.0875828326921 151.707494788
100.0 1.5 9.49515384175 25.9065119007 5.76186001679 122.717156834
110.0 0.5 74.1237498505 0.332742852996 0.000325871578761 389537.924558
110.0 0.6 51.269776658 4.02822267742 0.0400449633566 111.577932849
110.0 0.7 50.9760552955 4.05514223887 0.0389239039495 153.763731612
110.0 0.8 30.7689478841 7.78175350361 0.179923067884 36.7478102608
110.0 0.9 39.6449542889 5.78821035655 0.0808523413986 78.8393602017
110.0 1.0 49.9396103858 4.15551616035 0.0370637546761 248.70631384
110.0 1.1 28.8095184723 8.35538057436 0.19102672498 39.4081367776
110.0 1.2 39.1985310945 5.85652953286 0.0756924431133 114.157652113
110.0 1.3 28.3645657394 8.4942154311 0.184769573701 49.0023584957
110.0 1.4 20.0018052465 12.2338671427 0.515997144642 26.2055184078
110.0 1.5 19.1724393428 12.7735750585 0.563589429533 28.3791996416
120.0 0.6 61.7925660335 2.68178625096 0.0173733971473 193.199242461
120.0 0.7 65.947495883 1.99088905867 0.00897850628017 648.083241944
120.0 0.8 39.8713557354 5.75549521122 0.0885378546164 46.8848328997
120.0 0.9 33.9227216007 6.97575011184 0.138886447034 33.6501938594
120.0 1.0 39.9518162062 5.73211587724 0.0805510617797 69.2498344192
120.0 1.1 25.1075538858 9.67455046019 0.323163989116 20.1702226907
120.0 1.2 22.476722754 10.8546400056 0.440826671778 17.7195454805
120.0 1.3 5.81901433575 42.2751300832 70.082529492 2.18933970152
120.0 1.4 20.6289769154 11.8545669038 0.529534984979 18.8731355676
120.0 1.5 28.9191906952 8.31828572023 0.177673146099 46.9155581339
120.0 1.6 17.5784478024 13.9514145252 0.826669889573 17.6685989128
130.0 0.7 70.941919138 1.1832157097 0.00335856685595 2055.956967
130.0 0.8 68.903563537 1.50557886523 0.00535142881649 1614.95412595
130.0 0.9 49.2981553955 4.27682306384 0.0442874500721 103.127012659
130.0 1.0 41.1167453752 5.52979188711 0.0778292290086 57.1417733657
130.0 1.1 37.275322256 6.24399559584 0.0973682455195 110.022972046
130.0 1.2 45.1022806458 4.8666662718 0.0542439781005 111.178330534
130.0 1.3 34.318298877 6.87719175261 0.121913910935 46.3778265717
130.0 1.4 26.3320866069 9.20010224091 0.265055063979 24.6867590142
130.0 1.5 26.4927429656 9.14020376502 0.250629010044 27.9265318098
130.0 1.6 23.8008583381 10.2283412027 0.338812666701 23.893004849
140.0 0.7 73.273776752 0.549766393731 0.000902969057816 109567.764591
140.0 0.8 70.533076413 1.18812316096 0.00336893712185 1789.45029893
140.0 0.9 51.2640050875 4.01604031227 0.0399449456574 84.5991818357
140.0 1.0 44.2450323759 5.01853686339 0.0645924454007 55.7106376361
140.0 1.1 57.8648198025 3.1057080211 0.0216256886551 284.123170256
140.0 1.2 35.5610644069 6.60378902929 0.119456187393 37.1923878433
140.0 1.3 34.7646698131 6.77827527967 0.122340895558 45.3570216732
140.0 1.4 35.1144225402 6.69775342967 0.116973919726 43.1138568734
140.0 1.5 33.4361603916 7.08514737414 0.127344074311 70.3513269345
140.0 1.6 32.5822540335 7.29471002085 0.133332381196 83.4401238479
140.0 1.7 7.6543768564 32.1380323461 24.9165024943 2.79427570753
150.0 0.9 72.5043124205 0.326232373087 0.000325956363076 352018.303962
150.0 1.0 50.257800796 4.14947332945 0.0431288527849 67.088844178
150.0 1.1 60.8058362455 2.70996472008 0.0168906676964 309.841901198
150.0 1.2 44.9773803618 4.89891921734 0.0597735874602 64.4094446503
150.0 1.3 42.3838292653 5.31034198423 0.070463548273 58.403407913
150.0 1.4 37.0434091208 6.29017105958 0.104570797738 40.5290709417
150.0 1.5 38.0034823219 6.09557855877 0.0940566443299 49.2158898557
150.0 1.6 36.1903993278 6.46330616254 0.106644659443 46.0230897644
150.0 1.7 32.8063306439 7.24004783036 0.140337817932 37.1867949181
160.0 1.0 64.6290757925 2.20236940192 0.0115784623344 206.395081697
160.0 1.1 54.4520653085 3.59004050429 0.0314593261751 92.8066251124
160.0 1.2 56.4284678875 3.31540942017 0.0260389530384 160.684221913
160.0 1.3 45.1143349275 4.87811544498 0.0598398842251 57.8545982229
160.0 1.4 41.392033899 5.47962287993 0.0772070705516 46.9859191463
160.0 1.5 42.7613523242 5.24436632171 0.0654488652098 119.693215404
160.0 1.6 38.450533429 6.0100269981 0.0914114105652 53.0638940374
160.0 1.7 37.5379773896 6.18709920328 0.0955868551179 60.0935973573
160.0 1.8 35.3261828814 6.65031152075 0.115029122453 41.0109562862
170.0 1.1 71.703575931 0.322159684508 0.000323988254008 374183.443709
170.0 1.2 61.734065782 2.58534369927 0.016046991184 202.831355976
170.0 1.3 59.81158067 2.84772425494 0.0191455097375 219.534073567
170.0 1.4 48.6236879554 4.36030368973 0.04661455386 72.3634127966
170.0 1.5 44.446923303 4.97803522848 0.0618102732725 57.9525422829
170.0 1.6 44.8259910602 4.91414660981 0.0588520244954 65.1675343309
170.0 1.7 42.8598108038 5.22601646623 0.0667587009706 59.961202577
170.0 1.8 39.330931683 5.8424069598 0.0860229901268 47.6769199417
170.0 1.9 13.8921820283 17.6891063261 3.12003806134 4.5313337267
180.0 1.2 71.2627445175 0.319885476687 0.000322492052985 390410.304097
180.0 1.3 68.3428305615 1.246159066 0.00366500889114 1234.36495735
180.0 1.4 57.989581908 3.10058965911 0.0230122573801 152.700364447
180.0 1.5 54.391336091 3.56975167286 0.0303225754237 120.281692071
180.0 1.6 48.8755127734 4.31850161815 0.0451104712831 76.5170909216
180.0 1.7 29.9938473507 8.00445708726 0.22150822999 14.3652298475
180.0 1.8 45.4704206308 4.81138584084 0.0556588705095 68.4193047888
180.0 1.9 41.3382039625 5.48291755021 0.0747156503537 51.0429950229
180.0 2.0 40.6548297869 5.60067891548 0.0774003481848 52.2060319068
190.0 1.3 70.910855884 0.841272356063 0.0022141256411 30481.9188151
190.0 1.4 69.9665108815 0.705855441093 0.00117640654943 5260.60410029
190.0 1.5 65.5012200605 1.88335794182 0.00901574607031 680.032589342
190.0 1.6 54.170708816 3.59980621007 0.0311395654923 103.689932113
190.0 1.7 50.642690466 4.07124011585 0.0394468939959 100.610701884
190.0 1.8 47.9439191319 4.44814339047 0.0478311589712 70.4721982825
190.0 1.9 45.7938467796 4.76380818257 0.0548257748681 66.8546217982
190.0 2.0 23.4278398034 10.4017343488 0.500438491793 8.88842040104
190.0 2.1 43.6710939868 5.09064593315 0.0623577206343 61.0564395775
200.0 1.6 59.56087072 2.87746689946 0.0202830997736 141.731418679
200.0 1.7 56.6990303745 3.2582097221 0.0255237071885 125.11633548
200.0 1.8 57.6399744735 3.10817301077 0.0227681459584 166.028905303
200.0 1.9 49.9354974088 4.16488894258 0.0416856480531 76.9099498882
200.0 2.0 26.0820997601 9.29866342169 0.365670814861 9.27914844795
200.0 2.1 46.7556714058 4.61602424927 0.0509353320515 67.9340539503
200.0 2.2 44.8134006016 4.91068789795 0.0579773431046 61.3596362968
210.0 1.7 66.2694556185 1.71805304476 0.00765339078969 623.45986995
210.0 1.8 61.8754382485 2.44584976339 0.0153349803614 313.972254226
210.0 1.9 55.761222844 3.37331879407 0.027274267762 119.194740362
210.0 2.0 54.5618238605 3.5255297457 0.0293978364657 117.049165837
210.0 2.1 50.8190895325 4.03586956962 0.0386638119799 84.1074774632
210.0 2.2 32.4542756229 7.33734835949 0.172644156749 15.2428542922
210.0 2.3 47.7936313386 4.45955327165 0.0469096895527 73.0035676755
220.0 1.7 69.155709448 1.1069929455 0.00393323919971 20228.1744056
220.0 1.8 68.895519379 0.305651721473 0.000310416491762 613398.321989
220.0 1.9 68.5437124855 0.302969276787 0.000307456298049 754794.430256
220.0 2.0 62.1635443975 2.35689437306 0.0145939144138 437.387281246
220.0 2.1 55.040912194 3.46214074956 0.0286694608007 112.606844473
220.0 2.2 56.9057391935 3.18118343713 0.0236523279652 117.304104749
220.0 2.3 51.5241415425 3.93223213303 0.0363591918801 89.720539275
220.0 2.4 49.6325631886 4.19467068846 0.0411810931294 83.4961300793
220.0 2.5 25.1966288395 9.64270413108 0.399167332064 8.99193286836
230.0 1.9 68.3937130535 1.22089238282 0.00483332361838 14198.8714085
230.0 2.1 63.192063119 2.18353866276 0.0127631247616 544.917554736
230.0 2.2 57.6431937805 3.09698277094 0.0233754164425 158.56354874
230.0 2.3 54.852772256 3.47948521379 0.0288982763964 110.097559026
230.0 2.4 54.86874821 3.46451118718 0.028151441551 111.170526011
230.0 2.5 52.29373974 3.81921820839 0.0340205930931 94.2432742873
230.0 2.6 51.33851686 3.94693848583 0.0354258603716 128.187415113
240.0 2.1 67.4874763415 0.298023336926 0.000302876929958 444047.824872
240.0 2.2 66.870832937 0.668019519692 0.0010425698346 5049.43687395
240.0 2.3 60.7291518635 2.59889755014 0.0179932786932 316.723038441
240.0 2.4 59.81547174 2.73201948002 0.0200639348878 339.206083939
240.0 2.5 55.396844864 3.39398379929 0.0274491654587 112.166155309
240.0 2.6 53.6013413055 3.63831389757 0.0310934466416 80.8249059995
240.0 2.7 53.2963078175 3.67178774691 0.0311980534433 68.3840343761
250.0 2.2 67.2066871085 1.40423943301 0.00648016895986 9561.87305747
250.0 2.3 66.6465030185 1.48927915201 0.00732801979534 10629.283154
250.0 2.4 64.900722992 1.03750699523 0.00248316550472 1308.40652314
250.0 2.5 59.122228206 2.85923405003 0.0218591701788 249.624334522
250.0 2.6 57.1471677615 3.14372629541 0.0242919192075 183.793608896
250.0 2.7 56.498785181 3.22317307207 0.0248572269052 152.604155027
250.0 2.8 59.7385605545 2.56349457668 0.0183343393743 532.912811946
250.0 2.9 60.339515742 1.7350316739 0.0072193044941 671.917884138
260.0 2.3 67.3222745785 1.35719690804 0.00606494867052 7957.87572235
260.0 2.4 66.286019804 1.547544434 0.00793791047565 8697.92176392
260.0 2.6 63.9409395125 1.08094478322 0.00271901129911 1200.94035089
260.0 2.7 58.392030464 2.95960672418 0.0236630500383 242.22576659
260.0 2.8 59.2291607565 2.78876889171 0.0216375934857 407.720988537
260.0 2.9 58.817462107 2.82839799679 0.022396815382 485.422810516
270.0 2.5 66.3795425305 1.52463311951 0.00770734715386 6180.23921652
270.0 2.6 65.545010435 1.66639875827 0.00925784462413 6492.65368017
270.0 2.8 63.752164369 0.924441224597 0.00200866135481 1987.25524271
270.0 2.9 60.7944038395 2.45838862726 0.0174537642574 1652.39822206
280.0 2.7 66.4110443095 1.4533432474 0.00704026669881 7118.95266722
280.0 2.9 64.3940899625 0.273837232738 0.000271116673118 1287881.79924
