1.02448e-06 4.12892e-11 0.00108552 0
1.05806e-06 3.74814e-11 0.000985415 0
1.09275e-06 3.40247e-11 0.000894537 0
1.12856e-06 3.08869e-11 0.00081204 0
1.16556e-06 2.80384e-11 0.000737151 0
1.20376e-06 2.54526e-11 0.000669169 0
1.24322e-06 2.31053e-11 0.000607456 0
1.28397e-06 2.09744e-11 0.000551435 0
1.32605e-06 1.90401e-11 0.00050058 0
1.36952e-06 1.72842e-11 0.000454415 0
1.41441e-06 1.56902e-11 0.000412508 0
1.46077e-06 1.42432e-11 0.000374465 0
1.50865e-06 1.29296e-11 0.000339931 0
1.5581e-06 1.17372e-11 0.000308582 0
1.60918e-06 1.06548e-11 0.000280124 0
1.66192e-06 9.67217e-12 0.00025429 0
1.7164e-06 8.78017e-12 0.000230839 0
1.77266e-06 7.97044e-12 0.00020955 0
1.83076e-06 7.23538e-12 0.000190225 0
1.89077e-06 6.56812e-12 0.000172682 0
1.95274e-06 5.96239e-12 0.000156757 0
2.01675e-06 5.41252e-12 0.000142301 0
2.08286e-06 4.91336e-12 0.000129177 0
2.15113e-06 4.46024e-12 0.000117264 0
2.22164e-06 4.0489e-12 0.00010645 0
2.29446e-06 3.6755e-12 9.66331e-05 0
2.36967e-06 3.33654e-12 8.77215e-05 0
2.44734e-06 3.02884e-12 7.96317e-05 0
2.52756e-06 2.74951e-12 7.2288e-05 0
2.61041e-06 2.49595e-12 6.56215e-05 0
2.69597e-06 2.26576e-12 5.95698e-05 0
2.78434e-06 2.05681e-12 5.40763e-05 0
2.87561e-06 1.86713e-12 4.90893e-05 0
2.96986e-06 1.69494e-12 4.45623e-05 0
3.06721e-06 1.53863e-12 4.04528e-05 0
3.16775e-06 1.39673e-12 3.67222e-05 0
3.27158e-06 1.26792e-12 3.33357e-05 0
3.37881e-06 1.15099e-12 3.02615e-05 0
3.48957e-06 1.04485e-12 2.74708e-05 0
3.60395e-06 9.48491e-13 2.49375e-05 0
3.72208e-06 8.61021e-13 2.26378e-05 0
3.84408e-06 7.81617e-13 2.05502e-05 0
3.97008e-06 7.09535e-13 1.86551e-05 0
4.10021e-06 6.44102e-13 1.69348e-05 0
4.23461e-06 5.84703e-13 1.53731e-05 0
4.37341e-06 5.30781e-13 1.39554e-05 0
4.51676e-06 4.81833e-13 1.26685e-05 0
4.66481e-06 4.37398e-13 1.15003e-05 0
4.81772e-06 3.97062e-13 1.04398e-05 0
4.97563e-06 3.60445e-13 9.47708e-06 0
5.13873e-06 3.27205e-13 8.60316e-06 0
5.30716e-06 2.97031e-13 7.80984e-06 0
5.48112e-06 2.69639e-13 7.08967e-06 0
5.66078e-06 2.44774e-13 6.43592e-06 0
5.84633e-06 2.22201e-13 5.84245e-06 0
6.03796e-06 2.01711e-13 5.30372e-06 0
6.23588e-06 1.8311e-13 4.81466e-06 0
6.44028e-06 1.66224e-13 4.37071e-06 0
6.65138e-06 1.50896e-13 3.9677e-06 0
6.86939e-06 1.36981e-13 3.60185e-06 0
7.09456e-06 1.24349e-13 3.26974e-06 0
7.32711e-06 1.12882e-13 2.96825e-06 0
7.56727e-06 1.02473e-13 2.69457e-06 0
7.81531e-06 9.30239e-14 2.44613e-06 0
8.07149e-06 8.4446e-14 2.22059e-06 0
8.33605e-06 7.66591e-14 2.01586e-06 0
8.60929e-06 6.95903e-14 1.83e-06 0
8.89149e-06 6.31735e-14 1.66128e-06 0
9.18293e-06 5.73483e-14 1.50812e-06 0
9.48393e-06 5.20604e-14 1.36909e-06 0
9.7948e-06 4.72601e-14 1.24287e-06 0
1.01159e-05 4.29025e-14 1.1283e-06 0
1.04474e-05 3.89467e-14 1.02428e-06 0
1.07899e-05 3.53557e-14 9.29863e-07 0
1.11435e-05 3.20958e-14 8.44149e-07 0
1.15088e-05 2.91366e-14 7.66339e-07 0
1.1886e-05 2.64503e-14 6.95703e-07 0
1.22757e-05 2.40116e-14 6.3158e-07 0
1.2678e-05 2.17979e-14 5.73369e-07 0
1.30936e-05 1.97883e-14 5.20526e-07 0
1.35228e-05 1.7964e-14 4.72555e-07 0
1.3966e-05 1.63079e-14 4.29007e-07 0
1.44238e-05 1.48045e-14 3.89474e-07 0
1.48966e-05 1.34398e-14 3.53586e-07 0
1.53849e-05 1.22009e-14 3.21007e-07 0
1.58891e-05 1.10762e-14 2.91431e-07 0
1.641e-05 1.00553e-14 2.64582e-07 0
1.69478e-05 9.12844e-15 2.40208e-07 0
1.75034e-05 8.28708e-15 2.18082e-07 0
1.80771e-05 7.5233e-15 1.97995e-07 0
1.86696e-05 6.82994e-15 1.79759e-07 0
1.92816e-05 6.20051e-15 1.63205e-07 0
1.99136e-05 5.62911e-15 1.48176e-07 0
2.05663e-05 5.1104e-15 1.34533e-07 0
2.12404e-05 4.63951e-15 1.22148e-07 0
2.19367e-05 4.21203e-15 1.10904e-07 0
2.26557e-05 3.82396e-15 1.00696e-07 0
2.33983e-05 3.47167e-15 9.14288e-08 0
2.41653e-05 3.15186e-15 8.30158e-08 0
2.49574e-05 2.86153e-15 7.5378e-08 0
2.57754e-05 2.59797e-15 6.84441e-08 0
2.66203e-05 2.3587e-15 6.21491e-08 0
2.74928e-05 2.14149e-15 5.64341e-08 0
2.8394e-05 1.9443e-15 5.12456e-08 0
2.93247e-05 1.76528e-15 4.65351e-08 0
3.02859e-05 1.60277e-15 4.22585e-08 0
3.12786e-05 1.45523e-15 3.83759e-08 0
3.23039e-05 1.32129e-15 3.48508e-08 0
3.33627e-05 1.1997e-15 3.16504e-08 0
3.44563e-05 1.08931e-15 2.87447e-08 0
3.55857e-05 9.89091e-16 2.61066e-08 0
3.67521e-05 8.98109e-16 2.37114e-08 0
3.79568e-05 8.15509e-16 2.15366e-08 0
3.9201e-05 7.40521e-16 1.95621e-08 0
4.04859e-05 6.7244e-16 1.77693e-08 0
4.18129e-05 6.10632e-16 1.61414e-08 0
4.31835e-05 5.54517e-16 1.46634e-08 0
4.4599e-05 5.03571e-16 1.33213e-08 0
4.60608e-05 4.57317e-16 1.21026e-08 0
4.75706e-05 4.15322e-16 1.09961e-08 0
4.91299e-05 3.77195e-16 9.99126e-09 0
5.07403e-05 3.42578e-16 9.07881e-09 0
5.24034e-05 3.11149e-16 8.25023e-09 0
5.41211e-05 2.82612e-16 7.49779e-09 0
5.58951e-05 2.56703e-16 6.81448e-09 0
5.77272e-05 2.33177e-16 6.19392e-09 0
5.96194e-05 2.11817e-16 5.63034e-09 0
6.15736e-05 1.92421e-16 5.11849e-09 0
6.35919e-05 1.7481e-16 4.65362e-09 0
6.56763e-05 1.58819e-16 4.23139e-09 0
6.7829e-05 1.44298e-16 3.84787e-09 0
7.00524e-05 1.31113e-16 3.49952e-09 0
7.23485e-05 1.19139e-16 3.18308e-09 0
7.472e-05 1.08266e-16 2.89563e-09 0
7.71692e-05 9.83914e-17 2.63449e-09 0
7.96986e-05 8.94241e-17 2.39725e-09 0
8.2311e-05 8.12804e-17 2.1817e-09 0
8.5009e-05 7.38842e-17 1.98586e-09 0
8.77954e-05 6.71669e-17 1.80791e-09 0
9.06732e-05 6.10659e-17 1.64621e-09 0
9.36452e-05 5.55244e-17 1.49925e-09 0
9.67148e-05 5.04909e-17 1.3657e-09 0
9.98849e-05 4.59188e-17 1.24432e-09 0
0.000103159 4.17654e-17 1.13398e-09 0
0.00010654 3.79924e-17 1.03368e-09 0
0.000110032 3.45647e-17 9.42492e-10 0
0.000113639 3.14505e-17 8.59584e-10 0
0.000117364 2.8621e-17 7.84194e-10 0
0.000121211 2.605e-17 7.15634e-10 0
0.000125184 2.37137e-17 6.53277e-10 0
0.000129287 2.15907e-17 5.96556e-10 0
0.000133525 1.96612e-17 5.44953e-10 0
0.000137902 1.79075e-17 4.98002e-10 0
0.000142422 1.63135e-17 4.55275e-10 0
0.00014709 1.48644e-17 4.16387e-10 0
0.000151912 1.3547e-17 3.80988e-10 0
0.000156891 1.23492e-17 3.48757e-10 0
0.000162033 1.126e-17 3.19407e-10 0
0.000167345 1.02695e-17 2.92675e-10 0
0.00017283 9.36857e-18 2.68321e-10 0
0.000178495 8.54904e-18 2.46129e-10 0
0.000184346 7.80345e-18 2.25904e-10 0
0.000190388 7.12503e-18 2.07465e-10 0
0.000196629 6.50763e-18 1.9065e-10 0
0.000203074 5.94567e-18 1.75313e-10 0
0.00020973 5.43407e-18 1.61319e-10 0
0.000216605 4.96825e-18 1.48546e-10 0
0.000223705 4.54402e-18 1.36885e-10 0
0.000231037 4.15758e-18 1.26234e-10 0
0.00023861 3.80549e-18 1.16503e-10 0
0.000246431 3.48462e-18 1.07609e-10 0
0.000254509 3.19213e-18 9.94768e-11 0
0.000262851 2.92545e-18 9.20375e-11 0
0.000271467 2.68221e-18 8.52293e-11 0
0.000280365 2.46031e-18 7.89956e-11 0
0.000289555 2.25781e-18 7.32854e-11 0
0.000299046 2.07294e-18 6.80518e-11 0
0.000308848 1.90413e-18 6.32525e-11 0
0.000318971 1.74991e-18 5.88491e-11 0
0.000329427 1.60898e-18 5.48064e-11 0
0.000340225 1.48015e-18 5.10928e-11 0
0.000351377 1.36232e-18 4.76791e-11 0
0.000362894 1.25452e-18 4.45392e-11 0
0.000374789 1.15584e-18 4.16491e-11 0
0.000387074 1.06548e-18 3.89869e-11 0
0.000399761 9.82689e-19 3.65331e-11 0
0.000412865 9.06809e-19 3.42694e-11 0
0.000426398 8.37225e-19 3.21795e-11 0
0.000440374 7.73383e-19 3.02486e-11 0
0.000454809 7.14779e-19 2.84631e-11 0
0.000469717 6.60957e-19 2.68105e-11 0
0.000485113 6.11499e-19 2.52797e-11 0
0.000501014 5.66029e-19 2.38604e-11 0
0.000517436 5.24201e-19 2.25433e-11 0
0.000534397 4.85704e-19 2.13199e-11 0
0.000551913 4.50252e-19 2.01825e-11 0
0.000570004 4.17588e-19 1.91241e-11 0
0.000588688 3.87474e-19 1.81381e-11 0
0.000607984 3.59697e-19 1.72187e-11 0
0.000627912 3.34062e-19 1.63607e-11 0
0.000648494 3.1039e-19 1.55591e-11 0
0.00066975 2.88519e-19 1.48095e-11 0
0.000691703 2.68302e-19 1.41078e-11 0
0.000714376 2.49604e-19 1.34504e-11 0
0.000737792 2.32302e-19 1.28339e-11 0
0.000761975 2.16283e-19 1.22551e-11 0
0.000786952 2.01445e-19 1.17114e-11 0
0.000812746 1.87694e-19 1.12e-11 0
0.000839387 1.74946e-19 1.07188e-11 0
0.0008669 1.63121e-19 1.02654e-11 0
0.000895315 1.52148e-19 9.8381e-12 0
0.000924662 1.41961e-19 9.43497e-12 0
0.000954971 1.32501e-19 9.05443e-12 0
0.000986273 1.23712e-19 8.69499e-12 0
0.0010186 1.15545e-19 8.35529e-12 0
0.00105199 1.07951e-19 8.03412e-12 0
0.00108647 1.0089e-19 7.73034e-12 0
0.00112208 9.43213e-20 7.44296e-12 0
0.00115886 8.82099e-20 7.17103e-12 0
0.00119685 8.25225e-20 6.91374e-12 0
0.00123608 7.72288e-20 6.67034e-12 0
0.00127659 7.23008e-20 6.44015e-12 0
0.00131844 6.77126e-20 6.22257e-12 0
0.00136165 6.34405e-20 6.01707e-12 0
0.00140629 5.94626e-20 5.8232e-12 0
0.00145238 5.57588e-20 5.64054e-12 0
0.00149999 5.23102e-20 5.46875e-12 0
0.00154916 4.90997e-20 5.30755e-12 0
0.00159993 4.61113e-20 5.15671e-12 0
0.00165238 4.33304e-20 5.01606e-12 0
0.00170654 4.07431e-20 4.88549e-12 0
0.00176248 3.83371e-20 4.76495e-12 0
0.00182025 3.61004e-20 4.65442e-12 0
0.00187991 3.40223e-20 4.55398e-12 0
0.00194153 3.20928e-20 4.46373e-12 0
0.00200517 3.03024e-20 4.38387e-12 0
0.00207089 2.86424e-20 4.31463e-12 0
0.00213877 2.71048e-20 4.25635e-12 0
0.00220888 2.56819e-20 4.2094e-12 0
0.00228128 2.43667e-20 4.17427e-12 0
0.00235606 2.31525e-20 4.15149e-12 0
0.00243329 2.20331e-20 4.14173e-12 0
0.00251304 2.10027e-20 4.14572e-12 0
0.00259542 2.00556e-20 4.16432e-12 0
0.00268049 1.91867e-20 4.19848e-12 0
0.00276835 1.83909e-20 4.24931e-12 0
0.00285909 1.76635e-20 4.31804e-12 0
0.00295281 1.69999e-20 4.40605e-12 0
0.00304959 1.63959e-20 4.5149e-12 0
0.00314955 1.58473e-20 4.64633e-12 0
0.00325279 1.53502e-20 4.80227e-12 0
0.00335941 1.49007e-20 4.9849e-12 0
0.00346953 1.44954e-20 5.19663e-12 0
0.00358325 1.41307e-20 5.44014e-12 0
0.0037007 1.38034e-20 5.71844e-12 0
0.003822 1.35105e-20 6.03485e-12 0
0.00394728 1.3249e-20 6.39307e-12 0
0.00407667 1.30162e-20 6.79723e-12 0
0.00421029 1.28095e-20 7.25191e-12 0
0.0043483 1.26267e-20 7.7622e-12 0
0.00449083 1.24654e-20 8.33377e-12 0
0.00463803 1.23237e-20 8.97291e-12 0
0.00479005 1.21997e-20 9.68664e-12 0
0.00494706 1.20918e-20 1.04828e-11 0
0.00510921 1.19984e-20 1.137e-11 0
0.00527669 1.1918e-20 1.23579e-11 0
0.00544964 1.18496e-20 1.34573e-11 0
0.00562827 1.17918e-20 1.46803e-11 0
0.00581276 1.17437e-20 1.60402e-11 0
0.00600329 1.17045e-20 1.7552e-11 0
0.00620006 1.16733e-20 1.92323e-11 0
0.00640329 1.16495e-20 2.10997e-11 0
0.00661318 1.16324e-20 2.31752e-11 0
0.00682995 1.16216e-20 2.5482e-11 0
0.00705382 1.16165e-20 2.80461e-11 0
0.00728503 1.16168e-20 3.08969e-11 0
0.00752382 1.16221e-20 3.40671e-11 0
0.00777043 1.16322e-20 3.75933e-11 0
0.00802513 1.16469e-20 4.1517e-11 0
0.00828818 1.16659e-20 4.58845e-11 0
0.00855985 1.16892e-20 5.0748e-11 0
0.00884043 1.17166e-20 5.61662e-11 0
0.0091302 1.17481e-20 6.22055e-11 0
0.00942947 1.17837e-20 6.89404e-11 0
0.00973855 1.18233e-20 7.64553e-11 0
0.0100578 1.18669e-20 8.48456e-11 0
0.0103874 1.19147e-20 9.42192e-11 0
0.0107279 1.19666e-20 1.04698e-10 0
0.0110796 1.20228e-20 1.16421e-10 0
0.0114427 1.20835e-20 1.29545e-10 0
0.0118178 1.21486e-20 1.44249e-10 0
0.0122052 1.22184e-20 1.60735e-10 0
0.0126052 1.22931e-20 1.79235e-10 0
0.0130184 1.23728e-20 2.00012e-10 0
0.0134451 1.24577e-20 2.23368e-10 0
0.0138858 1.25481e-20 2.49643e-10 0
0.014341 1.26442e-20 2.79232e-10 0
0.014811 1.27462e-20 3.12583e-10 0
0.0152965 1.28543e-20 3.50209e-10 0
0.0157979 1.2969e-20 3.92701e-10 0
0.0163157 1.30904e-20 4.40734e-10 0
0.0168505 1.32189e-20 4.95086e-10 0
0.0174028 1.33547e-20 5.56649e-10 0
0.0179733 1.34982e-20 6.26452e-10 0
0.0185624 1.36498e-20 7.05678e-10 0
0.0191708 1.38097e-20 7.95694e-10 0
0.0197992 1.39784e-20 8.98075e-10 0
0.0204482 1.41562e-20 1.01464e-09 0
0.0211185 1.43435e-20 1.14749e-09 0
0.0218107 1.45407e-20 1.29906e-09 0
0.0225256 1.47482e-20 1.47216e-09 0
0.0232639 1.49663e-20 1.67006e-09 0
0.0240265 1.51956e-20 1.89653e-09 0
0.024814 1.54365e-20 2.15596e-09 0
0.0256274 1.56894e-20 2.45345e-09 0
0.0264674 1.59547e-20 2.79489e-09 0
0.027335 1.6233e-20 3.18716e-09 0
0.0282309 1.65247e-20 3.63826e-09 0
0.0291563 1.68303e-20 4.15747e-09 0
0.030112 1.71502e-20 4.75562e-09 0
0.031099 1.7485e-20 5.44531e-09 0
0.0321184 1.78352e-20 6.24121e-09 0
0.0331711 1.82014e-20 7.16046e-09 0
0.0342584 1.8584e-20 8.22301e-09 0
0.0353813 1.89836e-20 9.45216e-09 0
0.0365411 1.94008e-20 1.08751e-08 0
0.0377388 1.98361e-20 1.25236e-08 0
0.0389758 2.02901e-20 1.44346e-08 0
0.0402534 2.07635e-20 1.66517e-08 0
0.0415728 2.12567e-20 1.92253e-08 0
0.0429355 2.17706e-20 2.22147e-08 0
0.0443428 2.23056e-20 2.56891e-08 0
0.0457963 2.28625e-20 2.97297e-08 0
0.0472974 2.34419e-20 3.4431e-08 0
0.0488477 2.40446e-20 3.99042e-08 0
0.0504489 2.46712e-20 4.62791e-08 0
0.0521025 2.53224e-20 5.37078e-08 0
0.0538103 2.59991e-20 6.23683e-08 0
0.0555741 2.6702e-20 7.24695e-08 0
0.0573957 2.74319e-20 8.42558e-08 0
0.059277 2.81895e-20 9.80135e-08 0
0.06122 2.89759e-20 1.14079e-07 0
0.0632267 2.97917e-20 1.32845e-07 0
0.0652991 3.0638e-20 1.54773e-07 0
0.0674395 3.15157e-20 1.80405e-07 0
0.0696501 3.24256e-20 2.10374e-07 0
0.071933 3.33689e-20 2.45425e-07 0
0.0742909 3.43464e-20 2.86431e-07 0
0.076726 3.53594e-20 3.34416e-07 0
0.0792409 3.64087e-20 3.9058e-07 0
0.0818383 3.74957e-20 4.56333e-07 0
0.0845208 3.86213e-20 5.33329e-07 0
0.0872912 3.97869e-20 6.23508e-07 0
0.0901524 4.09936e-20 7.29148e-07 0
0.0931075 4.22428e-20 8.52921e-07 0
0.0961593 4.35357e-20 9.97966e-07 0
0.0993113 4.48737e-20 1.16796e-06 0
0.102566 4.62582e-20 1.36724e-06 0
0.105928 4.76907e-20 1.60087e-06 0
0.109401 4.91727e-20 1.87481e-06 0
0.112986 5.07057e-20 2.19606e-06 0
0.11669 5.22913e-20 2.57282e-06 0
0.120515 5.39312e-20 3.01476e-06 0
0.124465 5.56272e-20 3.53319e-06 0
0.128545 5.73809e-20 4.14142e-06 0
0.132758 5.91942e-20 4.85505e-06 0
0.13711 6.1069e-20 5.69245e-06 0
0.141604 6.30074e-20 6.67514e-06 0
0.146246 6.50111e-20 7.82842e-06 0
0.151039 6.70825e-20 9.18202e-06 0
0.15599 6.92236e-20 1.07708e-05 0
0.161103 7.14367e-20 1.26358e-05 0
0.166384 7.3724e-20 1.48252e-05 0
0.171837 7.6088e-20 1.73955e-05 0
0.17747 7.85312e-20 2.04131e-05 0
0.183287 8.1056e-20 2.39561e-05 0
0.189295 8.36651e-20 2.81161e-05 0
0.195499 8.63612e-20 3.30008e-05 0
0.201908 8.91471e-20 3.87367e-05 0
0.208526 9.20257e-20 4.54724e-05 0
0.215361 9.50001e-20 5.33824e-05 0
0.22242 9.80732e-20 6.26719e-05 0
0.22971 1.01248e-19 7.35816e-05 0
0.23724 1.04529e-19 8.63945e-05 0
0.245016 1.07918e-19 0.000101443 0
0.253047 1.1142e-19 0.000119118 0
0.261342 1.15037e-19 0.000139879 0
0.269908 1.18774e-19 0.000164263 0
0.278755 1.22635e-19 0.000192905 0
0.287892 1.26623e-19 0.000226549 0
0.297329 1.30743e-19 0.000266069 0
0.307074 1.34998e-19 0.000312492 0
0.31714 1.39395e-19 0.000367025 0
0.327535 1.43936e-19 0.000431085 0
0.338271 1.48627e-19 0.000506339 0
0.349359 1.53473e-19 0.000594742 0
0.36081 1.58478e-19 0.000698595 0
0.372637 1.63648e-19 0.000820599 0
0.384851 1.68989e-19 0.000963927 0
0.397466 1.74505e-19 0.00113231 0
0.410494 1.80203e-19 0.00133013 0
0.423949 1.86088e-19 0.00156253 0
0.437845 1.92167e-19 0.00183556 0
0.452197 1.98445e-19 0.00215633 0
0.467019 2.04931e-19 0.00253319 0
0.482327 2.11629e-19 0.00297595 0
0.498137 2.18547e-19 0.00349613 0
0.514465 2.25693e-19 0.00410729 0
0.531328 2.33074e-19 0.00482532 0
0.548744 2.40697e-19 0.00566893 0
0.566731 2.4857e-19 0.00666009 0
0.585307 2.56703e-19 0.0078246 0
0.604492 2.65102e-19 0.0091928 0
0.624306 2.73777e-19 0.0108003 0
0.64477 2.82736e-19 0.012689 0
0.665904 2.9199e-19 0.0149081 0
0.687731 3.01548e-19 0.0175154 0
0.710274 3.11419e-19 0.0205787 0
0.733555 3.21614e-19 0.024178 0
0.7576 3.32144e-19 0.0284069 0
0.782432 3.4302e-19 0.0333756 0
0.808079 3.54252e-19 0.0392136 0
0.834566 3.65853e-19 0.0460729 0
0.861922 3.77834e-19 0.0541323 0
0.890174 3.90208e-19 0.0636016 0
0.919352 4.02989e-19 0.0747278 0
0.949486 4.16188e-19 0.0878005 0
0.980609 4.29821e-19 0.10316 0
1.01275 4.43901e-19 0.121208 0
1.04595 4.58442e-19 0.142413 0
1.08023 4.7346e-19 0.167328 0
1.11564 4.88971e-19 0.196603 0
1.15221 5.04991e-19 0.230999 0
1.18997 5.21536e-19 0.271414 0
1.22898 5.38623e-19 0.318901 0
1.26926 5.56271e-19 0.374696 0
1.31087 5.74498e-19 0.440255 0
1.35384 5.93322e-19 0.517284 0
1.39821 6.12763e-19 0.607792 0
1.44404 6.32842e-19 0.714137 0
1.49137 6.53579e-19 0.839089 0
1.54026 6.74997e-19 0.985906 0
1.59075 6.97116e-19 1.15841 0
1.64289 7.19961e-19 1.36111 0
1.69674 7.43554e-19 1.59927 0
1.75235 7.67921e-19 1.8791 0
1.80979 7.93087e-19 2.2079 0
1.86911 8.19078e-19 2.59423 0
1.93038 8.45921e-19 3.04817 0
1.99365 8.73644e-19 3.58154 0
2.059 9.02276e-19 4.20824 0
2.12649 9.31847e-19 4.9446 0
2.19619 9.62387e-19 5.80982 0
2.26818 9.93928e-19 6.82644 0
2.34253 1.0265e-18 8.02095 0
2.41931 1.06015e-18 9.42449 0
2.49861 1.09489e-18 11.0736 0
2.58051 1.13078e-18 13.0113 0
2.6651 1.16784e-18 15.2881 0
2.75245 1.20611e-18 17.9634 0
2.84267 1.24564e-18 21.1067 0
2.93585 1.28647e-18 24.8001 0
3.03208 1.32864e-18 29.1398 0
3.13147 1.37218e-18 34.2389 0
3.23411 1.41716e-18 40.2302 0
3.34012 1.46361e-18 47.27 0
3.4496 1.51158e-18 55.5417 0
3.56267 1.56112e-18 65.2609 0
3.67945 1.61229e-18 76.6808 0
3.80006 1.66514e-18 90.0991 0
3.92461 1.71971e-18 105.865 0
4.05325 1.77608e-18 124.391 0
4.18611 1.8343e-18 146.158 0
4.32333 1.89442e-18 171.734 0
4.46504 1.95651e-18 201.786 0
4.61139 2.02064e-18 237.096 0
4.76254 2.08687e-18 278.586 0
4.91865 2.15527e-18 327.335 0
5.07987 2.22592e-18 384.616 0
5.24638 2.29888e-18 451.92 0
5.41835 2.37423e-18 531.002 0
5.59595 2.45205e-18 623.922 0
5.77938 2.53242e-18 733.103 0
5.96881 2.61543e-18 861.389 0
6.16446 2.70115e-18 1012.12 0
6.36652 2.78969e-18 1189.24 0
6.5752 2.88113e-18 1397.34 0
6.79072 2.97557e-18 1641.87 0
7.01331 3.0731e-18 1929.18 0
7.24319 3.17383e-18 2266.77 0
7.48061 3.27786e-18 2663.43 0
7.72581 3.3853e-18 3129.51 0
7.97905 3.49626e-18 3677.15 0
8.24058 3.61086e-18 4320.62 0
8.51069 3.72922e-18 5076.69 0
8.78966 3.85145e-18 5965.07 0
9.07777 3.97769e-18 7008.91 0
9.37532 4.10807e-18 8235.41 0
9.68262 4.24273e-18 9676.54 0
10 4.38179e-18 11369.9 0
