1e-06 4.43969e-11 1.16723e-05 0
1.0081e-06 4.33358e-11 1.13933e-05 0
1.01626e-06 4.23001e-11 1.1121e-05 0
1.02448e-06 4.12892e-11 1.08552e-05 0
1.03278e-06 4.03024e-11 1.05958e-05 0
1.04114e-06 3.93393e-11 1.03426e-05 0
1.04957e-06 3.83991e-11 1.00954e-05 0
1.05806e-06 3.74814e-11 9.85415e-06 0
1.06663e-06 3.65856e-11 9.61864e-06 0
1.07527e-06 3.57113e-11 9.38877e-06 0
1.08397e-06 3.48578e-11 9.16439e-06 0
1.09275e-06 3.40247e-11 8.94537e-06 0
1.10159e-06 3.32116e-11 8.73158e-06 0
1.11051e-06 3.24179e-11 8.52291e-06 0
1.1195e-06 3.16431e-11 8.31922e-06 0
1.12856e-06 3.08869e-11 8.1204e-06 0
1.1377e-06 3.01487e-11 7.92633e-06 0
1.14691e-06 2.94282e-11 7.7369e-06 0
1.1562e-06 2.87249e-11 7.552e-06 0
1.16556e-06 2.80384e-11 7.37151e-06 0
1.17499e-06 2.73683e-11 7.19534e-06 0
1.1845e-06 2.67142e-11 7.02338e-06 0
1.19409e-06 2.60758e-11 6.85553e-06 0
1.20376e-06 2.54526e-11 6.69169e-06 0
1.21351e-06 2.48443e-11 6.53177e-06 0
1.22333e-06 2.42505e-11 6.37566e-06 0
1.23323e-06 2.3671e-11 6.22329e-06 0
1.24322e-06 2.31053e-11 6.07456e-06 0
1.25328e-06 2.25531e-11 5.92939e-06 0
1.26343e-06 2.20141e-11 5.78768e-06 0
1.27366e-06 2.1488e-11 5.64936e-06 0
1.28397e-06 2.09744e-11 5.51435e-06 0
1.29436e-06 2.04732e-11 5.38256e-06 0
1.30484e-06 1.99839e-11 5.25393e-06 0
1.31541e-06 1.95063e-11 5.12836e-06 0
1.32605e-06 1.90401e-11 5.0058e-06 0
1.33679e-06 1.85851e-11 4.88617e-06 0
1.34761e-06 1.81409e-11 4.7694e-06 0
1.35852e-06 1.77074e-11 4.65541e-06 0
1.36952e-06 1.72842e-11 4.54415e-06 0
1.38061e-06 1.68711e-11 4.43555e-06 0
1.39178e-06 1.64679e-11 4.32955e-06 0
1.40305e-06 1.60743e-11 4.22608e-06 0
1.41441e-06 1.56902e-11 4.12508e-06 0
1.42586e-06 1.53152e-11 4.02649e-06 0
1.4374e-06 1.49492e-11 3.93027e-06 0
1.44904e-06 1.45919e-11 3.83634e-06 0
1.46077e-06 1.42432e-11 3.74465e-06 0
1.4726e-06 1.39028e-11 3.65516e-06 0
1.48452e-06 1.35705e-11 3.56781e-06 0
1.49654e-06 1.32462e-11 3.48254e-06 0
1.50865e-06 1.29296e-11 3.39931e-06 0
1.52087e-06 1.26206e-11 3.31807e-06 0
1.53318e-06 1.2319e-11 3.23877e-06 0
1.54559e-06 1.20246e-11 3.16137e-06 0
1.5581e-06 1.17372e-11 3.08582e-06 0
1.57072e-06 1.14567e-11 3.01207e-06 0
1.58343e-06 1.11829e-11 2.94009e-06 0
1.59625e-06 1.09157e-11 2.86982e-06 0
1.60918e-06 1.06548e-11 2.80124e-06 0
1.6222e-06 1.04001e-11 2.73429e-06 0
1.63534e-06 1.01516e-11 2.66894e-06 0
1.64857e-06 9.90898e-12 2.60516e-06 0
1.66192e-06 9.67217e-12 2.5429e-06 0
1.67538e-06 9.44101e-12 2.48213e-06 0
1.68894e-06 9.21538e-12 2.42281e-06 0
1.70261e-06 8.99514e-12 2.36491e-06 0
1.7164e-06 8.78017e-12 2.30839e-06 0
1.73029e-06 8.57033e-12 2.25322e-06 0
1.7443e-06 8.36551e-12 2.19937e-06 0
1.75842e-06 8.16559e-12 2.14681e-06 0
1.77266e-06 7.97044e-12 2.0955e-06 0
1.78701e-06 7.77995e-12 2.04542e-06 0
1.80147e-06 7.59402e-12 1.99654e-06 0
1.81606e-06 7.41253e-12 1.94883e-06 0
1.83076e-06 7.23538e-12 1.90225e-06 0
1.84558e-06 7.06246e-12 1.85679e-06 0
1.86052e-06 6.89368e-12 1.81242e-06 0
1.87558e-06 6.72893e-12 1.7691e-06 0
1.89077e-06 6.56812e-12 1.72682e-06 0
1.90608e-06 6.41114e-12 1.68555e-06 0
1.92151e-06 6.25793e-12 1.64527e-06 0
1.93706e-06 6.10837e-12 1.60595e-06 0
1.95274e-06 5.96239e-12 1.56757e-06 0
1.96855e-06 5.81989e-12 1.53011e-06 0
1.98449e-06 5.6808e-12 1.49354e-06 0
2.00056e-06 5.54504e-12 1.45785e-06 0
2.01675e-06 5.41252e-12 1.42301e-06 0
2.03308e-06 5.28317e-12 1.389e-06 0
2.04954e-06 5.1569e-12 1.3558e-06 0
2.06613e-06 5.03366e-12 1.3234e-06 0
2.08286e-06 4.91336e-12 1.29177e-06 0
2.09972e-06 4.79594e-12 1.2609e-06 0
2.11672e-06 4.68132e-12 1.23077e-06 0
2.13385e-06 4.56944e-12 1.20135e-06 0
2.15113e-06 4.46024e-12 1.17264e-06 0
2.16854e-06 4.35364e-12 1.14462e-06 0
2.1861e-06 4.2496e-12 1.11727e-06 0
2.2038e-06 4.14804e-12 1.09056e-06 0
2.22164e-06 4.0489e-12 1.0645e-06 0
2.23962e-06 3.95214e-12 1.03906e-06 0
2.25776e-06 3.85769e-12 1.01423e-06 0
2.27603e-06 3.7655e-12 9.89991e-07 0
2.29446e-06 3.6755e-12 9.66331e-07 0
2.31303e-06 3.58766e-12 9.43237e-07 0
2.33176e-06 3.50192e-12 9.20695e-07 0
2.35064e-06 3.41823e-12 8.98692e-07 0
2.36967e-06 3.33654e-12 8.77215e-07 0
2.38885e-06 3.2568e-12 8.56251e-07 0
2.40819e-06 3.17897e-12 8.35788e-07 0
2.42769e-06 3.103e-12 8.15814e-07 0
2.44734e-06 3.02884e-12 7.96317e-07 0
2.46715e-06 2.95645e-12 7.77286e-07 0
2.48713e-06 2.8858e-12 7.5871e-07 0
2.50726e-06 2.81683e-12 7.40578e-07 0
2.52756e-06 2.74951e-12 7.2288e-07 0
2.54802e-06 2.6838e-12 7.05604e-07 0
2.56865e-06 2.61966e-12 6.88741e-07 0
2.58944e-06 2.55706e-12 6.72281e-07 0
2.61041e-06 2.49595e-12 6.56215e-07 0
2.63154e-06 2.4363e-12 6.40533e-07 0
2.65284e-06 2.37807e-12 6.25225e-07 0
2.67432e-06 2.32124e-12 6.10283e-07 0
2.69597e-06 2.26576e-12 5.95698e-07 0
2.7178e-06 2.21162e-12 5.81462e-07 0
2.7398e-06 2.15876e-12 5.67566e-07 0
2.76198e-06 2.10717e-12 5.54002e-07 0
2.78434e-06 2.05681e-12 5.40763e-07 0
2.80688e-06 2.00766e-12 5.27839e-07 0
2.82961e-06 1.95968e-12 5.15225e-07 0
2.85251e-06 1.91284e-12 5.02912e-07 0
2.87561e-06 1.86713e-12 4.90893e-07 0
2.89889e-06 1.82251e-12 4.79162e-07 0
2.92235e-06 1.77895e-12 4.67711e-07 0
2.94601e-06 1.73644e-12 4.56533e-07 0
2.96986e-06 1.69494e-12 4.45623e-07 0
2.99391e-06 1.65443e-12 4.34973e-07 0
3.01814e-06 1.61489e-12 4.24578e-07 0
3.04258e-06 1.5763e-12 4.14432e-07 0
3.06721e-06 1.53863e-12 4.04528e-07 0
3.09204e-06 1.50186e-12 3.9486e-07 0
3.11707e-06 1.46596e-12 3.85424e-07 0
3.14231e-06 1.43093e-12 3.76213e-07 0
3.16775e-06 1.39673e-12 3.67222e-07 0
3.19339e-06 1.36335e-12 3.58446e-07 0
3.21924e-06 1.33077e-12 3.4988e-07 0
3.24531e-06 1.29897e-12 3.41519e-07 0
3.27158e-06 1.26792e-12 3.33357e-07 0
3.29806e-06 1.23762e-12 3.25391e-07 0
3.32476e-06 1.20805e-12 3.17614e-07 0
3.35168e-06 1.17917e-12 3.10024e-07 0
3.37881e-06 1.15099e-12 3.02615e-07 0
3.40617e-06 1.12349e-12 2.95383e-07 0
3.43374e-06 1.09664e-12 2.88324e-07 0
3.46154e-06 1.07043e-12 2.81434e-07 0
3.48957e-06 1.04485e-12 2.74708e-07 0
3.51782e-06 1.01988e-12 2.68143e-07 0
3.5463e-06 9.95505e-13 2.61735e-07 0
3.575e-06 9.71714e-13 2.5548e-07 0
3.60395e-06 9.48491e-13 2.49375e-07 0
3.63312e-06 9.25824e-13 2.43415e-07 0
3.66254e-06 9.03698e-13 2.37598e-07 0
3.69219e-06 8.82101e-13 2.3192e-07 0
3.72208e-06 8.61021e-13 2.26378e-07 0
3.75221e-06 8.40444e-13 2.20968e-07 0
3.78259e-06 8.20358e-13 2.15687e-07 0
3.81321e-06 8.00753e-13 2.10533e-07 0
3.84408e-06 7.81617e-13 2.05502e-07 0
3.8752e-06 7.62937e-13 2.00591e-07 0
3.90657e-06 7.44704e-13 1.95797e-07 0
3.9382e-06 7.26907e-13 1.91118e-07 0
3.97008e-06 7.09535e-13 1.86551e-07 0
4.00222e-06 6.92579e-13 1.82093e-07 0
4.03462e-06 6.76027e-13 1.77741e-07 0
4.06729e-06 6.59871e-13 1.73494e-07 0
4.10021e-06 6.44102e-13 1.69348e-07 0
4.13341e-06 6.28709e-13 1.65301e-07 0
4.16687e-06 6.13684e-13 1.6135e-07 0
4.2006e-06 5.99018e-13 1.57495e-07 0
4.23461e-06 5.84703e-13 1.53731e-07 0
4.26889e-06 5.70729e-13 1.50057e-07 0
4.30345e-06 5.5709e-13 1.46471e-07 0
4.33829e-06 5.43777e-13 1.42971e-07 0
4.37341e-06 5.30781e-13 1.39554e-07 0
4.40882e-06 5.18097e-13 1.36219e-07 0
4.44451e-06 5.05715e-13 1.32964e-07 0
4.48049e-06 4.9363e-13 1.29787e-07 0
4.51676e-06 4.81833e-13 1.26685e-07 0
4.55333e-06 4.70318e-13 1.23658e-07 0
4.59019e-06 4.59078e-13 1.20703e-07 0
4.62735e-06 4.48107e-13 1.17818e-07 0
4.66481e-06 4.37398e-13 1.15003e-07 0
4.70258e-06 4.26945e-13 1.12255e-07 0
4.74065e-06 4.16742e-13 1.09572e-07 0
4.77903e-06 4.06783e-13 1.06954e-07 0
4.81772e-06 3.97062e-13 1.04398e-07 0
4.85672e-06 3.87573e-13 1.01903e-07 0
4.89604e-06 3.78311e-13 9.94679e-08 0
4.93568e-06 3.6927e-13 9.7091e-08 0
4.97563e-06 3.60445e-13 9.47708e-08 0
5.01592e-06 3.51831e-13 9.25061e-08 0
5.05652e-06 3.43423e-13 9.02956e-08 0
5.09746e-06 3.35216e-13 8.81378e-08 0
5.13873e-06 3.27205e-13 8.60316e-08 0
5.18033e-06 3.19386e-13 8.39758e-08 0
5.22227e-06 3.11753e-13 8.19691e-08 0
5.26454e-06 3.04303e-13 8.00103e-08 0
5.30716e-06 2.97031e-13 7.80984e-08 0
5.35013e-06 2.89933e-13 7.62321e-08 0
5.39344e-06 2.83004e-13 7.44104e-08 0
5.4371e-06 2.76241e-13 7.26323e-08 0
5.48112e-06 2.69639e-13 7.08967e-08 0
5.52549e-06 2.63196e-13 6.92025e-08 0
5.57023e-06 2.56906e-13 6.75489e-08 0
5.61532e-06 2.50767e-13 6.59347e-08 0
5.66078e-06 2.44774e-13 6.43592e-08 0
5.70661e-06 2.38924e-13 6.28213e-08 0
5.75281e-06 2.33215e-13 6.13201e-08 0
5.79938e-06 2.27642e-13 5.98548e-08 0
5.84633e-06 2.22201e-13 5.84245e-08 0
5.89366e-06 2.16891e-13 5.70284e-08 0
5.94137e-06 2.11708e-13 5.56657e-08 0
5.98947e-06 2.06649e-13 5.43355e-08 0
6.03796e-06 2.01711e-13 5.30372e-08 0
6.08684e-06 1.9689e-13 5.17698e-08 0
6.13612e-06 1.92185e-13 5.05328e-08 0
6.1858e-06 1.87593e-13 4.93253e-08 0
6.23588e-06 1.8311e-13 4.81466e-08 0
6.28636e-06 1.78734e-13 4.69962e-08 0
6.33725e-06 1.74463e-13 4.58732e-08 0
6.38856e-06 1.70294e-13 4.4777e-08 0
6.44028e-06 1.66224e-13 4.37071e-08 0
6.49241e-06 1.62252e-13 4.26627e-08 0
6.54497e-06 1.58374e-13 4.16433e-08 0
6.59796e-06 1.5459e-13 4.06482e-08 0
6.65138e-06 1.50896e-13 3.9677e-08 0
6.70522e-06 1.4729e-13 3.87289e-08 0
6.75951e-06 1.4377e-13 3.78035e-08 0
6.81423e-06 1.40334e-13 3.69002e-08 0
6.86939e-06 1.36981e-13 3.60185e-08 0
6.92501e-06 1.33707e-13 3.51578e-08 0
6.98107e-06 1.30512e-13 3.43178e-08 0
7.03759e-06 1.27393e-13 3.34978e-08 0
7.09456e-06 1.24349e-13 3.26974e-08 0
7.152e-06 1.21378e-13 3.19161e-08 0
7.2099e-06 1.18477e-13 3.11535e-08 0
7.26826e-06 1.15646e-13 3.04091e-08 0
7.32711e-06 1.12882e-13 2.96825e-08 0
7.38642e-06 1.10185e-13 2.89733e-08 0
7.44622e-06 1.07552e-13 2.8281e-08 0
7.5065e-06 1.04982e-13 2.76053e-08 0
7.56727e-06 1.02473e-13 2.69457e-08 0
7.62854e-06 1.00024e-13 2.63019e-08 0
7.69029e-06 9.76343e-14 2.56735e-08 0
7.75255e-06 9.53012e-14 2.506e-08 0
7.81531e-06 9.30239e-14 2.44613e-08 0
7.87858e-06 9.0801e-14 2.38768e-08 0
7.94237e-06 8.86312e-14 2.33063e-08 0
8.00667e-06 8.65133e-14 2.27495e-08 0
8.07149e-06 8.4446e-14 2.22059e-08 0
8.13683e-06 8.24281e-14 2.16754e-08 0
8.2027e-06 8.04584e-14 2.11575e-08 0
8.26911e-06 7.85358e-14 2.0652e-08 0
8.33605e-06 7.66591e-14 2.01586e-08 0
8.40354e-06 7.48273e-14 1.96769e-08 0
8.47157e-06 7.30393e-14 1.92068e-08 0
8.54015e-06 7.12939e-14 1.87479e-08 0
8.60929e-06 6.95903e-14 1.83e-08 0
8.67899e-06 6.79275e-14 1.78628e-08 0
8.74925e-06 6.63043e-14 1.7436e-08 0
8.82008e-06 6.472e-14 1.70195e-08 0
8.89149e-06 6.31735e-14 1.66128e-08 0
8.96347e-06 6.16639e-14 1.62159e-08 0
9.03604e-06 6.01905e-14 1.58285e-08 0
9.10919e-06 5.87522e-14 1.54504e-08 0
9.18293e-06 5.73483e-14 1.50812e-08 0
9.25728e-06 5.5978e-14 1.47209e-08 0
9.33222e-06 5.46404e-14 1.43693e-08 0
9.40777e-06 5.33348e-14 1.4026e-08 0
9.48393e-06 5.20604e-14 1.36909e-08 0
9.56071e-06 5.08164e-14 1.33638e-08 0
9.63811e-06 4.96022e-14 1.30445e-08 0
9.71614e-06 4.8417e-14 1.27329e-08 0
9.7948e-06 4.72601e-14 1.24287e-08 0
9.87409e-06 4.61308e-14 1.21318e-08 0
9.95403e-06 4.50286e-14 1.1842e-08 0
1.00346e-05 4.39527e-14 1.15591e-08 0
1.01159e-05 4.29025e-14 1.1283e-08 0
1.01977e-05 4.18774e-14 1.10134e-08 0
1.02803e-05 4.08767e-14 1.07503e-08 0
1.03635e-05 3.99e-14 1.04935e-08 0
1.04474e-05 3.89467e-14 1.02428e-08 0
1.0532e-05 3.80161e-14 9.99816e-09 0
1.06173e-05 3.71078e-14 9.75932e-09 0
1.07032e-05 3.62211e-14 9.52619e-09 0
1.07899e-05 3.53557e-14 9.29863e-09 0
1.08772e-05 3.45109e-14 9.07651e-09 0
1.09653e-05 3.36864e-14 8.8597e-09 0
1.10541e-05 3.28815e-14 8.64807e-09 0
1.11435e-05 3.20958e-14 8.44149e-09 0
1.12338e-05 3.1329e-14 8.23985e-09 0
1.13247e-05 3.05804e-14 8.04303e-09 0
1.14164e-05 2.98498e-14 7.85091e-09 0
1.15088e-05 2.91366e-14 7.66339e-09 0
1.1602e-05 2.84405e-14 7.48034e-09 0
1.16959e-05 2.7761e-14 7.30167e-09 0
1.17906e-05 2.70977e-14 7.12726e-09 0
1.1886e-05 2.64503e-14 6.95703e-09 0
1.19823e-05 2.58183e-14 6.79086e-09 0
1.20793e-05 2.52015e-14 6.62866e-09 0
1.21771e-05 2.45994e-14 6.47034e-09 0
1.22757e-05 2.40116e-14 6.3158e-09 0
1.2375e-05 2.3438e-14 6.16495e-09 0
1.24752e-05 2.2878e-14 6.01771e-09 0
1.25762e-05 2.23314e-14 5.87398e-09 0
1.2678e-05 2.17979e-14 5.73369e-09 0
1.27807e-05 2.12771e-14 5.59675e-09 0
1.28841e-05 2.07688e-14 5.46309e-09 0
1.29884e-05 2.02726e-14 5.33261e-09 0
1.30936e-05 1.97883e-14 5.20526e-09 0
1.31996e-05 1.93155e-14 5.08095e-09 0
1.33064e-05 1.88541e-14 4.95961e-09 0
1.34142e-05 1.84036e-14 4.84116e-09 0
1.35228e-05 1.7964e-14 4.72555e-09 0
1.36322e-05 1.75348e-14 4.6127e-09 0
1.37426e-05 1.71159e-14 4.50255e-09 0
1.38539e-05 1.6707e-14 4.39502e-09 0
1.3966e-05 1.63079e-14 4.29007e-09 0
1.40791e-05 1.59183e-14 4.18762e-09 0
1.41931e-05 1.5538e-14 4.08763e-09 0
1.4308e-05 1.51668e-14 3.99002e-09 0
1.44238e-05 1.48045e-14 3.89474e-09 0
1.45406e-05 1.44509e-14 3.80174e-09 0
1.46583e-05 1.41057e-14 3.71096e-09 0
1.47769e-05 1.37687e-14 3.62235e-09 0
1.48966e-05 1.34398e-14 3.53586e-09 0
1.50172e-05 1.31187e-14 3.45144e-09 0
1.51388e-05 1.28054e-14 3.36903e-09 0
1.52613e-05 1.24995e-14 3.28859e-09 0
1.53849e-05 1.22009e-14 3.21007e-09 0
1.55094e-05 1.19094e-14 3.13343e-09 0
1.5635e-05 1.1625e-14 3.05861e-09 0
1.57615e-05 1.13473e-14 2.98559e-09 0
1.58891e-05 1.10762e-14 2.91431e-09 0
1.60178e-05 1.08117e-14 2.84474e-09 0
1.61475e-05 1.05534e-14 2.77682e-09 0
1.62782e-05 1.03013e-14 2.71053e-09 0
1.641e-05 1.00553e-14 2.64582e-09 0
1.65428e-05 9.81509e-15 2.58266e-09 0
1.66767e-05 9.58065e-15 2.52101e-09 0
1.68117e-05 9.35181e-15 2.46083e-09 0
1.69478e-05 9.12844e-15 2.40208e-09 0
1.70851e-05 8.91041e-15 2.34474e-09 0
1.72234e-05 8.69759e-15 2.28878e-09 0
1.73628e-05 8.48986e-15 2.23414e-09 0
1.75034e-05 8.28708e-15 2.18082e-09 0
1.76451e-05 8.08916e-15 2.12876e-09 0
1.77879e-05 7.89596e-15 2.07795e-09 0
1.79319e-05 7.70738e-15 2.02836e-09 0
1.80771e-05 7.5233e-15 1.97995e-09 0
1.82234e-05 7.34362e-15 1.93269e-09 0
1.8371e-05 7.16824e-15 1.88657e-09 0
1.85197e-05 6.99704e-15 1.84154e-09 0
1.86696e-05 6.82994e-15 1.79759e-09 0
1.88208e-05 6.66683e-15 1.75469e-09 0
1.89731e-05 6.50761e-15 1.71282e-09 0
1.91267e-05 6.3522e-15 1.67195e-09 0
1.92816e-05 6.20051e-15 1.63205e-09 0
1.94377e-05 6.05244e-15 1.5931e-09 0
1.9595e-05 5.9079e-15 1.55509e-09 0
1.97537e-05 5.76682e-15 1.51798e-09 0
1.99136e-05 5.62911e-15 1.48176e-09 0
2.00748e-05 5.49469e-15 1.44641e-09 0
2.02373e-05 5.36348e-15 1.4119e-09 0
2.04012e-05 5.23541e-15 1.37821e-09 0
2.05663e-05 5.1104e-15 1.34533e-09 0
2.07328e-05 4.98837e-15 1.31324e-09 0
2.09007e-05 4.86926e-15 1.28191e-09 0
2.10699e-05 4.75299e-15 1.25133e-09 0
2.12404e-05 4.63951e-15 1.22148e-09 0
2.14124e-05 4.52873e-15 1.19234e-09 0
2.15857e-05 4.4206e-15 1.1639e-09 0
2.17605e-05 4.31505e-15 1.13614e-09 0
2.19367e-05 4.21203e-15 1.10904e-09 0
2.21143e-05 4.11147e-15 1.08258e-09 0
2.22933e-05 4.01331e-15 1.05676e-09 0
2.24738e-05 3.91749e-15 1.03156e-09 0
2.26557e-05 3.82396e-15 1.00696e-09 0
2.28391e-05 3.73267e-15 9.82944e-10 0
2.3024e-05 3.64356e-15 9.59503e-10 0
2.32104e-05 3.55658e-15 9.36622e-10 0
2.33983e-05 3.47167e-15 9.14288e-10 0
2.35877e-05 3.3888e-15 8.92487e-10 0
2.37787e-05 3.3079e-15 8.71206e-10 0
2.39712e-05 3.22894e-15 8.50434e-10 0
2.41653e-05 3.15186e-15 8.30158e-10 0
2.43609e-05 3.07663e-15 8.10366e-10 0
2.45581e-05 3.00319e-15 7.91046e-10 0
2.47569e-05 2.93151e-15 7.72188e-10 0
2.49574e-05 2.86153e-15 7.5378e-10 0
2.51594e-05 2.79323e-15 7.35812e-10 0
2.53631e-05 2.72657e-15 7.18273e-10 0
2.55684e-05 2.66149e-15 7.01153e-10 0
2.57754e-05 2.59797e-15 6.84441e-10 0
2.59841e-05 2.53597e-15 6.68128e-10 0
2.61944e-05 2.47544e-15 6.52205e-10 0
2.64065e-05 2.41637e-15 6.36662e-10 0
2.66203e-05 2.3587e-15 6.21491e-10 0
2.68358e-05 2.30241e-15 6.06681e-10 0
2.7053e-05 2.24747e-15 5.92225e-10 0
2.72721e-05 2.19384e-15 5.78114e-10 0
2.74928e-05 2.14149e-15 5.64341e-10 0
2.77154e-05 2.09039e-15 5.50895e-10 0
2.79398e-05 2.04051e-15 5.37771e-10 0
2.8166e-05 1.99182e-15 5.24961e-10 0
2.8394e-05 1.9443e-15 5.12456e-10 0
2.86239e-05 1.89791e-15 5.00249e-10 0
2.88556e-05 1.85263e-15 4.88334e-10 0
2.90892e-05 1.80843e-15 4.76704e-10 0
2.93247e-05 1.76528e-15 4.65351e-10 0
2.95621e-05 1.72317e-15 4.54269e-10 0
2.98014e-05 1.68206e-15 4.43451e-10 0
3.00427e-05 1.64194e-15 4.32892e-10 0
3.02859e-05 1.60277e-15 4.22585e-10 0
3.05311e-05 1.56454e-15 4.12524e-10 0
3.07783e-05 1.52722e-15 4.02703e-10 0
3.10274e-05 1.49079e-15 3.93116e-10 0
3.12786e-05 1.45523e-15 3.83759e-10 0
3.15318e-05 1.42052e-15 3.74624e-10 0
3.17871e-05 1.38664e-15 3.65708e-10 0
3.20445e-05 1.35357e-15 3.57004e-10 0
3.23039e-05 1.32129e-15 3.48508e-10 0
3.25654e-05 1.28978e-15 3.40215e-10 0
3.2829e-05 1.25903e-15 3.3212e-10 0
3.30948e-05 1.229e-15 3.24218e-10 0
3.33627e-05 1.1997e-15 3.16504e-10 0
3.36328e-05 1.17109e-15 3.08975e-10 0
3.39051e-05 1.14317e-15 3.01625e-10 0
3.41796e-05 1.11591e-15 2.94451e-10 0
3.44563e-05 1.08931e-15 2.87447e-10 0
3.47352e-05 1.06334e-15 2.80611e-10 0
3.50165e-05 1.03799e-15 2.73938e-10 0
3.52999e-05 1.01324e-15 2.67424e-10 0
3.55857e-05 9.89091e-16 2.61066e-10 0
3.58738e-05 9.65514e-16 2.54859e-10 0
3.61642e-05 9.42501e-16 2.48801e-10 0
3.6457e-05 9.20036e-16 2.42887e-10 0
3.67521e-05 8.98109e-16 2.37114e-10 0
3.70497e-05 8.76704e-16 2.31478e-10 0
3.73496e-05 8.55811e-16 2.25978e-10 0
3.7652e-05 8.35417e-16 2.20608e-10 0
3.79568e-05 8.15509e-16 2.15366e-10 0
3.82641e-05 7.96077e-16 2.1025e-10 0
3.85739e-05 7.77109e-16 2.05255e-10 0
3.88861e-05 7.58594e-16 2.0038e-10 0
3.9201e-05 7.40521e-16 1.95621e-10 0
3.95183e-05 7.22879e-16 1.90975e-10 0
3.98382e-05 7.05658e-16 1.8644e-10 0
4.01608e-05 6.88849e-16 1.82014e-10 0
4.04859e-05 6.7244e-16 1.77693e-10 0
4.08136e-05 6.56424e-16 1.73475e-10 0
4.11441e-05 6.4079e-16 1.69357e-10 0
4.14771e-05 6.25529e-16 1.65338e-10 0
4.18129e-05 6.10632e-16 1.61414e-10 0
4.21514e-05 5.96091e-16 1.57584e-10 0
4.24927e-05 5.81897e-16 1.53846e-10 0
4.28367e-05 5.68041e-16 1.50196e-10 0
4.31835e-05 5.54517e-16 1.46634e-10 0
4.35331e-05 5.41315e-16 1.43156e-10 0
4.38855e-05 5.28429e-16 1.39761e-10 0
4.42408e-05 5.1585e-16 1.36448e-10 0
4.4599e-05 5.03571e-16 1.33213e-10 0
4.496e-05 4.91585e-16 1.30055e-10 0
4.5324e-05 4.79885e-16 1.26973e-10 0
4.56909e-05 4.68465e-16 1.23964e-10 0
4.60608e-05 4.57317e-16 1.21026e-10 0
4.64337e-05 4.46435e-16 1.18159e-10 0
4.68096e-05 4.35813e-16 1.1536e-10 0
4.71886e-05 4.25444e-16 1.12628e-10 0
4.75706e-05 4.15322e-16 1.09961e-10 0
4.79557e-05 4.05443e-16 1.07357e-10 0
4.8344e-05 3.95798e-16 1.04816e-10 0
4.87353e-05 3.86385e-16 1.02335e-10 0
4.91299e-05 3.77195e-16 9.99126e-11 0
4.95276e-05 3.68225e-16 9.75483e-11 0
4.99286e-05 3.59469e-16 9.52404e-11 0
5.03328e-05 3.50922e-16 9.29874e-11 0
5.07403e-05 3.42578e-16 9.07881e-11 0
5.1151e-05 3.34434e-16 8.86412e-11 0
5.15651e-05 3.26484e-16 8.65454e-11 0
5.19826e-05 3.18724e-16 8.44995e-11 0
5.24034e-05 3.11149e-16 8.25023e-11 0
5.28277e-05 3.03754e-16 8.05527e-11 0
5.32553e-05 2.96536e-16 7.86495e-11 0
5.36865e-05 2.8949e-16 7.67916e-11 0
5.41211e-05 2.82612e-16 7.49779e-11 0
5.45593e-05 2.75899e-16 7.32074e-11 0
5.50009e-05 2.69345e-16 7.14791e-11 0
5.54462e-05 2.62947e-16 6.97918e-11 0
5.58951e-05 2.56703e-16 6.81448e-11 0
5.63476e-05 2.50607e-16 6.65369e-11 0
5.68038e-05 2.44656e-16 6.49673e-11 0
5.72636e-05 2.38847e-16 6.3435e-11 0
5.77272e-05 2.33177e-16 6.19392e-11 0
5.81946e-05 2.27642e-16 6.04789e-11 0
5.86657e-05 2.22239e-16 5.90535e-11 0
5.91406e-05 2.16965e-16 5.76619e-11 0
5.96194e-05 2.11817e-16 5.63034e-11 0
6.01021e-05 2.06791e-16 5.49772e-11 0
6.05886e-05 2.01885e-16 5.36826e-11 0
6.10791e-05 1.97096e-16 5.24187e-11 0
6.15736e-05 1.92421e-16 5.11849e-11 0
6.20721e-05 1.87858e-16 4.99805e-11 0
6.25746e-05 1.83404e-16 4.88046e-11 0
6.30812e-05 1.79055e-16 4.76568e-11 0
6.35919e-05 1.7481e-16 4.65362e-11 0
6.41067e-05 1.70667e-16 4.54422e-11 0
6.46257e-05 1.66622e-16 4.43742e-11 0
6.51489e-05 1.62673e-16 4.33317e-11 0
6.56763e-05 1.58819e-16 4.23139e-11 0
6.6208e-05 1.55057e-16 4.13202e-11 0
6.6744e-05 1.51384e-16 4.03502e-11 0
6.72843e-05 1.47798e-16 3.94032e-11 0
6.7829e-05 1.44298e-16 3.84787e-11 0
6.83782e-05 1.40882e-16 3.75762e-11 0
6.89317e-05 1.37547e-16 3.66951e-11 0
6.94898e-05 1.34291e-16 3.58349e-11 0
7.00524e-05 1.31113e-16 3.49952e-11 0
7.06195e-05 1.2801e-16 3.41753e-11 0
7.11912e-05 1.24981e-16 3.3375e-11 0
7.17675e-05 1.22025e-16 3.25936e-11 0
7.23485e-05 1.19139e-16 3.18308e-11 0
7.29342e-05 1.16322e-16 3.10861e-11 0
7.35247e-05 1.13571e-16 3.0359e-11 0
7.41199e-05 1.10887e-16 2.96492e-11 0
7.472e-05 1.08266e-16 2.89563e-11 0
7.53249e-05 1.05707e-16 2.82797e-11 0
7.59347e-05 1.0321e-16 2.76192e-11 0
7.65494e-05 1.00771e-16 2.69744e-11 0
7.71692e-05 9.83914e-17 2.63449e-11 0
7.77939e-05 9.60679e-17 2.57303e-11 0
7.84237e-05 9.37998e-17 2.51302e-11 0
7.90586e-05 9.15856e-17 2.45444e-11 0
7.96986e-05 8.94241e-17 2.39725e-11 0
8.03438e-05 8.73141e-17 2.34141e-11 0
8.09943e-05 8.52542e-17 2.28689e-11 0
8.165e-05 8.32434e-17 2.23367e-11 0
8.2311e-05 8.12804e-17 2.1817e-11 0
8.29773e-05 7.9364e-17 2.13097e-11 0
8.36491e-05 7.74933e-17 2.08144e-11 0
8.43263e-05 7.56671e-17 2.03308e-11 0
8.5009e-05 7.38842e-17 1.98586e-11 0
8.56972e-05 7.21438e-17 1.93976e-11 0
8.63909e-05 7.04448e-17 1.89476e-11 0
8.70903e-05 6.87861e-17 1.85081e-11 0
8.77954e-05 6.71669e-17 1.80791e-11 0
8.85062e-05 6.55862e-17 1.76602e-11 0
8.92227e-05 6.4043e-17 1.72512e-11 0
8.9945e-05 6.25365e-17 1.68519e-11 0
9.06732e-05 6.10659e-17 1.64621e-11 0
9.14072e-05 5.96301e-17 1.60814e-11 0
9.21472e-05 5.82285e-17 1.57097e-11 0
9.28932e-05 5.68602e-17 1.53469e-11 0
9.36452e-05 5.55244e-17 1.49925e-11 0
9.44034e-05 5.42203e-17 1.46466e-11 0
9.51676e-05 5.29472e-17 1.43088e-11 0
9.59381e-05 5.17043e-17 1.3979e-11 0
9.67148e-05 5.04909e-17 1.3657e-11 0
9.74977e-05 4.93064e-17 1.33426e-11 0
9.8287e-05 4.81499e-17 1.30356e-11 0
9.90827e-05 4.70209e-17 1.27358e-11 0
9.98849e-05 4.59188e-17 1.24432e-11 0
0.000100694 4.48427e-17 1.21574e-11 0
0.000101509 4.37922e-17 1.18783e-11 0
0.00010233 4.27667e-17 1.16058e-11 0
0.000103159 4.17654e-17 1.13398e-11 0
0.000103994 4.07879e-17 1.108e-11 0
0.000104836 3.98336e-17 1.08263e-11 0
0.000105685 3.8902e-17 1.05787e-11 0
0.00010654 3.79924e-17 1.03368e-11 0
0.000107403 3.71044e-17 1.01006e-11 0
0.000108272 3.62374e-17 9.87e-12 0
0.000109149 3.5391e-17 9.64482e-12 0
0.000110032 3.45647e-17 9.42492e-12 0
0.000110923 3.37579e-17 9.2102e-12 0
0.000111821 3.29702e-17 9.00052e-12 0
0.000112726 3.22012e-17 8.79578e-12 0
0.000113639 3.14505e-17 8.59584e-12 0
0.000114559 3.07175e-17 8.4006e-12 0
0.000115487 3.00018e-17 8.20994e-12 0
0.000116421 2.93031e-17 8.02376e-12 0
0.000117364 2.8621e-17 7.84194e-12 0
0.000118314 2.79549e-17 7.66439e-12 0
0.000119272 2.73047e-17 7.49101e-12 0
0.000120238 2.66698e-17 7.32169e-12 0
0.000121211 2.605e-17 7.15634e-12 0
0.000122192 2.54448e-17 6.99486e-12 0
0.000123181 2.48539e-17 6.83717e-12 0
0.000124179 2.4277e-17 6.68317e-12 0
0.000125184 2.37137e-17 6.53277e-12 0
0.000126197 2.31638e-17 6.3859e-12 0
0.000127219 2.26268e-17 6.24246e-12 0
0.000128249 2.21026e-17 6.10237e-12 0
0.000129287 2.15907e-17 5.96556e-12 0
0.000130334 2.10909e-17 5.83194e-12 0
0.000131389 2.06029e-17 5.70145e-12 0
0.000132453 2.01264e-17 5.574e-12 0
0.000133525 1.96612e-17 5.44953e-12 0
0.000134606 1.9207e-17 5.32797e-12 0
0.000135696 1.87634e-17 5.20924e-12 0
0.000136794 1.83304e-17 5.09328e-12 0
0.000137902 1.79075e-17 4.98002e-12 0
0.000139018 1.74946e-17 4.8694e-12 0
0.000140144 1.70915e-17 4.76135e-12 0
0.000141278 1.66978e-17 4.65582e-12 0
0.000142422 1.63135e-17 4.55275e-12 0
0.000143575 1.59382e-17 4.45208e-12 0
0.000144737 1.55717e-17 4.35374e-12 0
0.000145909 1.52138e-17 4.25769e-12 0
0.00014709 1.48644e-17 4.16387e-12 0
0.000148281 1.45232e-17 4.07223e-12 0
0.000149481 1.419e-17 3.98272e-12 0
0.000150692 1.38647e-17 3.89528e-12 0
0.000151912 1.3547e-17 3.80988e-12 0
0.000153141 1.32368e-17 3.72645e-12 0
0.000154381 1.29339e-17 3.64495e-12 0
0.000155631 1.26381e-17 3.56534e-12 0
0.000156891 1.23492e-17 3.48757e-12 0
0.000158161 1.20671e-17 3.4116e-12 0
0.000159441 1.17917e-17 3.33739e-12 0
0.000160732 1.15227e-17 3.26489e-12 0
0.000162033 1.126e-17 3.19407e-12 0
0.000163345 1.10035e-17 3.12488e-12 0
0.000164668 1.0753e-17 3.05729e-12 0
0.000166001 1.05084e-17 2.99126e-12 0
0.000167345 1.02695e-17 2.92675e-12 0
0.000168699 1.00362e-17 2.86372e-12 0
0.000170065 9.80837e-18 2.80214e-12 0
0.000171442 9.58587e-18 2.74198e-12 0
0.00017283 9.36857e-18 2.68321e-12 0
0.000174229 9.15636e-18 2.62578e-12 0
0.00017564 8.94912e-18 2.56968e-12 0
0.000177061 8.74672e-18 2.51486e-12 0
0.000178495 8.54904e-18 2.46129e-12 0
0.00017994 8.35599e-18 2.40896e-12 0
0.000181397 8.16745e-18 2.35782e-12 0
0.000182865 7.9833e-18 2.30786e-12 0
0.000184346 7.80345e-18 2.25904e-12 0
0.000185838 7.6278e-18 2.21133e-12 0
0.000187343 7.45624e-18 2.16471e-12 0
0.000188859 7.28869e-18 2.11916e-12 0
0.000190388 7.12503e-18 2.07465e-12 0
0.000191929 6.96519e-18 2.03115e-12 0
0.000193483 6.80906e-18 1.98864e-12 0
0.00019505 6.65657e-18 1.9471e-12 0
0.000196629 6.50763e-18 1.9065e-12 0
0.000198221 6.36215e-18 1.86683e-12 0
0.000199825 6.22005e-18 1.82805e-12 0
0.000201443 6.08124e-18 1.79016e-12 0
0.000203074 5.94567e-18 1.75313e-12 0
0.000204718 5.81323e-18 1.71693e-12 0
0.000206375 5.68387e-18 1.68156e-12 0
0.000208046 5.55751e-18 1.64698e-12 0
0.00020973 5.43407e-18 1.61319e-12 0
0.000211428 5.3135e-18 1.58015e-12 0
0.00021314 5.19571e-18 1.54787e-12 0
0.000214865 5.08065e-18 1.51631e-12 0
0.000216605 4.96825e-18 1.48546e-12 0
0.000218358 4.85845e-18 1.45531e-12 0
0.000220126 4.75118e-18 1.42583e-12 0
0.000221908 4.64639e-18 1.39702e-12 0
0.000223705 4.54402e-18 1.36885e-12 0
0.000225516 4.444e-18 1.34131e-12 0
0.000227341 4.3463e-18 1.31439e-12 0
0.000229182 4.25084e-18 1.28807e-12 0
0.000231037 4.15758e-18 1.26234e-12 0
0.000232908 4.06646e-18 1.23719e-12 0
0.000234793 3.97744e-18 1.21259e-12 0
0.000236694 3.89047e-18 1.18855e-12 0
0.00023861 3.80549e-18 1.16503e-12 0
0.000240542 3.72246e-18 1.14204e-12 0
0.000242489 3.64134e-18 1.11957e-12 0
0.000244452 3.56207e-18 1.09759e-12 0
0.000246431 3.48462e-18 1.07609e-12 0
0.000248426 3.40894e-18 1.05508e-12 0
0.000250437 3.335e-18 1.03452e-12 0
0.000252465 3.26274e-18 1.01442e-12 0
0.000254509 3.19213e-18 9.94768e-13 0
0.000256569 3.12314e-18 9.75545e-13 0
0.000258646 3.05572e-18 9.56745e-13 0
0.00026074 2.98983e-18 9.38358e-13 0
0.000262851 2.92545e-18 9.20375e-13 0
0.000264979 2.86253e-18 9.02786e-13 0
0.000267124 2.80104e-18 8.85581e-13 0
0.000269287 2.74094e-18 8.68753e-13 0
0.000271467 2.68221e-18 8.52293e-13 0
0.000273665 2.62482e-18 8.36191e-13 0
0.00027588 2.56872e-18 8.20439e-13 0
0.000278114 2.5139e-18 8.05031e-13 0
0.000280365 2.46031e-18 7.89956e-13 0
0.000282635 2.40794e-18 7.75209e-13 0
0.000284923 2.35675e-18 7.60781e-13 0
0.00028723 2.30671e-18 7.46665e-13 0
0.000289555 2.25781e-18 7.32854e-13 0
0.000291899 2.21e-18 7.1934e-13 0
0.000294262 2.16327e-18 7.06117e-13 0
0.000296644 2.11759e-18 6.93179e-13 0
0.000299046 2.07294e-18 6.80518e-13 0
0.000301467 2.02929e-18 6.68128e-13 0
0.000303907 1.98662e-18 6.56003e-13 0
0.000306368 1.94491e-18 6.44138e-13 0
0.000308848 1.90413e-18 6.32525e-13 0
0.000311348 1.86426e-18 6.2116e-13 0
0.000313869 1.82528e-18 6.10036e-13 0
0.00031641 1.78717e-18 5.99148e-13 0
0.000318971 1.74991e-18 5.88491e-13 0
0.000321554 1.71348e-18 5.78059e-13 0
0.000324157 1.67787e-18 5.67847e-13 0
0.000326781 1.64304e-18 5.57851e-13 0
0.000329427 1.60898e-18 5.48064e-13 0
0.000332094 1.57569e-18 5.38483e-13 0
0.000334782 1.54313e-18 5.29103e-13 0
0.000337493 1.51129e-18 5.1992e-13 0
0.000340225 1.48015e-18 5.10928e-13 0
0.000342979 1.4497e-18 5.02123e-13 0
0.000345756 1.41992e-18 4.93501e-13 0
0.000348555 1.3908e-18 4.85059e-13 0
0.000351377 1.36232e-18 4.76791e-13 0
0.000354221 1.33447e-18 4.68695e-13 0
0.000357089 1.30722e-18 4.60765e-13 0
0.00035998 1.28058e-18 4.52999e-13 0
0.000362894 1.25452e-18 4.45392e-13 0
0.000365832 1.22902e-18 4.37941e-13 0
0.000368794 1.20409e-18 4.30643e-13 0
0.000371779 1.1797e-18 4.23494e-13 0
0.000374789 1.15584e-18 4.16491e-13 0
0.000377823 1.1325e-18 4.0963e-13 0
0.000380882 1.10966e-18 4.02908e-13 0
0.000383965 1.08733e-18 3.96322e-13 0
0.000387074 1.06548e-18 3.89869e-13 0
0.000390208 1.0441e-18 3.83547e-13 0
0.000393367 1.02318e-18 3.77351e-13 0
0.000396551 1.00271e-18 3.7128e-13 0
0.000399761 9.82689e-19 3.65331e-13 0
0.000402998 9.63097e-19 3.595e-13 0
0.00040626 9.43925e-19 3.53785e-13 0
0.000409549 9.25166e-19 3.48184e-13 0
0.000412865 9.06809e-19 3.42694e-13 0
0.000416207 8.88845e-19 3.37312e-13 0
0.000419577 8.71266e-19 3.32037e-13 0
0.000422973 8.54062e-19 3.26865e-13 0
0.000426398 8.37225e-19 3.21795e-13 0
0.00042985 8.20746e-19 3.16825e-13 0
0.00043333 8.04619e-19 3.11951e-13 0
0.000436838 7.88833e-19 3.07172e-13 0
0.000440374 7.73383e-19 3.02486e-13 0
0.000443939 7.58259e-19 2.97891e-13 0
0.000447533 7.43456e-19 2.93385e-13 0
0.000451156 7.28965e-19 2.88965e-13 0
0.000454809 7.14779e-19 2.84631e-13 0
0.000458491 7.00892e-19 2.80379e-13 0
0.000462203 6.87297e-19 2.76209e-13 0
0.000465944 6.73988e-19 2.72118e-13 0
0.000469717 6.60957e-19 2.68105e-13 0
0.000473519 6.48199e-19 2.64168e-13 0
0.000477353 6.35707e-19 2.60305e-13 0
0.000481217 6.23476e-19 2.56516e-13 0
0.000485113 6.11499e-19 2.52797e-13 0
0.00048904 5.99772e-19 2.49148e-13 0
0.000492999 5.88288e-19 2.45567e-13 0
0.000496991 5.77042e-19 2.42053e-13 0
0.000501014 5.66029e-19 2.38604e-13 0
0.00050507 5.55243e-19 2.35219e-13 0
0.000509159 5.4468e-19 2.31896e-13 0
0.000513281 5.34334e-19 2.28635e-13 0
0.000517436 5.24201e-19 2.25433e-13 0
0.000521625 5.14276e-19 2.2229e-13 0
0.000525848 5.04555e-19 2.19204e-13 0
0.000530105 4.95032e-19 2.16174e-13 0
0.000534397 4.85704e-19 2.13199e-13 0
0.000538723 4.76566e-19 2.10278e-13 0
0.000543085 4.67614e-19 2.0741e-13 0
0.000547481 4.58844e-19 2.04592e-13 0
0.000551913 4.50252e-19 2.01825e-13 0
0.000556382 4.41835e-19 1.99108e-13 0
0.000560886 4.33587e-19 1.96439e-13 0
0.000565427 4.25506e-19 1.93816e-13 0
0.000570004 4.17588e-19 1.91241e-13 0
0.000574619 4.09829e-19 1.8871e-13 0
0.000579271 4.02226e-19 1.86224e-13 0
0.00058396 3.94775e-19 1.83781e-13 0
0.000588688 3.87474e-19 1.81381e-13 0
0.000593453 3.80319e-19 1.79022e-13 0
0.000598258 3.73306e-19 1.76704e-13 0
0.000603101 3.66433e-19 1.74426e-13 0
0.000607984 3.59697e-19 1.72187e-13 0
0.000612906 3.53095e-19 1.69987e-13 0
0.000617868 3.46623e-19 1.67824e-13 0
0.00062287 3.4028e-19 1.65697e-13 0
0.000627912 3.34062e-19 1.63607e-13 0
0.000632996 3.27966e-19 1.61552e-13 0
0.00063812 3.21991e-19 1.59531e-13 0
0.000643286 3.16133e-19 1.57544e-13 0
0.000648494 3.1039e-19 1.55591e-13 0
0.000653744 3.04759e-19 1.5367e-13 0
0.000659036 2.99239e-19 1.5178e-13 0
0.000664372 2.93826e-19 1.49922e-13 0
0.00066975 2.88519e-19 1.48095e-13 0
0.000675172 2.83316e-19 1.46297e-13 0
0.000680638 2.78213e-19 1.44529e-13 0
0.000686149 2.73209e-19 1.42789e-13 0
0.000691703 2.68302e-19 1.41078e-13 0
0.000697303 2.6349e-19 1.39394e-13 0
0.000702948 2.58771e-19 1.37738e-13 0
0.000708639 2.54143e-19 1.36108e-13 0
0.000714376 2.49604e-19 1.34504e-13 0
0.00072016 2.45152e-19 1.32926e-13 0
0.00072599 2.40786e-19 1.31372e-13 0
0.000731867 2.36503e-19 1.29843e-13 0
0.000737792 2.32302e-19 1.28339e-13 0
0.000743765 2.28181e-19 1.26857e-13 0
0.000749786 2.24138e-19 1.25399e-13 0
0.000755856 2.20173e-19 1.23964e-13 0
0.000761975 2.16283e-19 1.22551e-13 0
0.000768144 2.12466e-19 1.2116e-13 0
0.000774363 2.08722e-19 1.1979e-13 0
0.000780632 2.05049e-19 1.18442e-13 0
0.000786952 2.01445e-19 1.17114e-13 0
0.000793322 1.97909e-19 1.15806e-13 0
0.000799745 1.94439e-19 1.14518e-13 0
0.000806219 1.91035e-19 1.13249e-13 0
0.000812746 1.87694e-19 1.12e-13 0
0.000819326 1.84416e-19 1.1077e-13 0
0.000825959 1.812e-19 1.09558e-13 0
0.000832646 1.78043e-19 1.08364e-13 0
0.000839387 1.74946e-19 1.07188e-13 0
0.000846182 1.71906e-19 1.06029e-13 0
0.000853032 1.68923e-19 1.04887e-13 0
0.000859938 1.65995e-19 1.03763e-13 0
0.0008669 1.63121e-19 1.02654e-13 0
0.000873918 1.603e-19 1.01562e-13 0
0.000880993 1.57532e-19 1.00486e-13 0
0.000888125 1.54815e-19 9.9426e-14 0
0.000895315 1.52148e-19 9.8381e-14 0
0.000902563 1.4953e-19 9.73511e-14 0
0.00090987 1.4696e-19 9.63362e-14 0
0.000917236 1.44438e-19 9.53358e-14 0
0.000924662 1.41961e-19 9.43497e-14 0
0.000932148 1.39531e-19 9.33778e-14 0
0.000939694 1.37144e-19 9.24198e-14 0
0.000947302 1.34801e-19 9.14753e-14 0
0.000954971 1.32501e-19 9.05443e-14 0
0.000962702 1.30243e-19 8.96265e-14 0
0.000970495 1.28026e-19 8.87216e-14 0
0.000978352 1.2585e-19 8.78295e-14 0
0.000986273 1.23712e-19 8.69499e-14 0
0.000994257 1.21614e-19 8.60826e-14 0
0.00100231 1.19554e-19 8.52275e-14 0
0.00101042 1.17531e-19 8.43843e-14 0
0.0010186 1.15545e-19 8.35529e-14 0
0.00102685 1.13594e-19 8.27331e-14 0
0.00103516 1.11679e-19 8.19246e-14 0
0.00104354 1.09798e-19 8.11274e-14 0
0.00105199 1.07951e-19 8.03412e-14 0
0.00106051 1.06137e-19 7.95658e-14 0
0.00106909 1.04356e-19 7.88012e-14 0
0.00107775 1.02607e-19 7.80471e-14 0
0.00108647 1.0089e-19 7.73034e-14 0
0.00109527 9.92028e-20 7.657e-14 0
0.00110413 9.75462e-20 7.58466e-14 0
0.00111307 9.59192e-20 7.51332e-14 0
0.00112208 9.43213e-20 7.44296e-14 0
0.00113117 9.27519e-20 7.37356e-14 0
0.00114032 9.12106e-20 7.30512e-14 0
0.00114956 8.96968e-20 7.23761e-14 0
0.00115886 8.82099e-20 7.17103e-14 0
0.00116824 8.67495e-20 7.10537e-14 0
0.0011777 8.53152e-20 7.04061e-14 0
0.00118724 8.39063e-20 6.97674e-14 0
0.00119685 8.25225e-20 6.91374e-14 0
0.00120654 8.11633e-20 6.85162e-14 0
0.00121631 7.98283e-20 6.79035e-14 0
0.00122615 7.85169e-20 6.72993e-14 0
0.00123608 7.72288e-20 6.67034e-14 0
0.00124609 7.59636e-20 6.61158e-14 0
0.00125617 7.47208e-20 6.55363e-14 0
0.00126634 7.34999e-20 6.49649e-14 0
0.00127659 7.23008e-20 6.44015e-14 0
0.00128693 7.11228e-20 6.38459e-14 0
0.00129735 6.99657e-20 6.32982e-14 0
0.00130785 6.88291e-20 6.27581e-14 0
0.00131844 6.77126e-20 6.22257e-14 0
0.00132911 6.66158e-20 6.17008e-14 0
0.00133987 6.55384e-20 6.11834e-14 0
0.00135072 6.44801e-20 6.06734e-14 0
0.00136165 6.34405e-20 6.01707e-14 0
0.00137268 6.24193e-20 5.96753e-14 0
0.00138379 6.14161e-20 5.91871e-14 0
0.00139499 6.04307e-20 5.8706e-14 0
0.00140629 5.94626e-20 5.8232e-14 0
0.00141767 5.85117e-20 5.7765e-14 0
0.00142915 5.75777e-20 5.73049e-14 0
0.00144072 5.66601e-20 5.68517e-14 0
0.00145238 5.57588e-20 5.64054e-14 0
0.00146414 5.48734e-20 5.59658e-14 0
0.00147599 5.40037e-20 5.5533e-14 0
0.00148794 5.31494e-20 5.51069e-14 0
0.00149999 5.23102e-20 5.46875e-14 0
0.00151213 5.14859e-20 5.42746e-14 0
0.00152437 5.06762e-20 5.38684e-14 0
0.00153671 4.98809e-20 5.34687e-14 0
0.00154916 4.90997e-20 5.30755e-14 0
0.0015617 4.83324e-20 5.26887e-14 0
0.00157434 4.75787e-20 5.23084e-14 0
0.00158709 4.68384e-20 5.19346e-14 0
0.00159993 4.61113e-20 5.15671e-14 0
0.00161289 4.53972e-20 5.1206e-14 0
0.00162594 4.46958e-20 5.08512e-14 0
0.00163911 4.40069e-20 5.05027e-14 0
0.00165238 4.33304e-20 5.01606e-14 0
0.00166575 4.26659e-20 4.98248e-14 0
0.00167924 4.20133e-20 4.94952e-14 0
0.00169283 4.13725e-20 4.91719e-14 0
0.00170654 4.07431e-20 4.88549e-14 0
0.00172035 4.01251e-20 4.85442e-14 0
0.00173428 3.95182e-20 4.82397e-14 0
0.00174832 3.89223e-20 4.79414e-14 0
0.00176248 3.83371e-20 4.76495e-14 0
0.00177674 3.77625e-20 4.73637e-14 0
0.00179113 3.71983e-20 4.70843e-14 0
0.00180563 3.66443e-20 4.68111e-14 0
0.00182025 3.61004e-20 4.65442e-14 0
0.00183498 3.55664e-20 4.62836e-14 0
0.00184984 3.50422e-20 4.60293e-14 0
0.00186481 3.45276e-20 4.57814e-14 0
0.00187991 3.40223e-20 4.55398e-14 0
0.00189513 3.35264e-20 4.53045e-14 0
0.00191047 3.30396e-20 4.50757e-14 0
0.00192594 3.25618e-20 4.48533e-14 0
0.00194153 3.20928e-20 4.46373e-14 0
0.00195725 3.16325e-20 4.44278e-14 0
0.00197309 3.11807e-20 4.42249e-14 0
0.00198907 3.07374e-20 4.40285e-14 0
0.00200517 3.03024e-20 4.38387e-14 0
0.0020214 2.98755e-20 4.36555e-14 0
0.00203777 2.94566e-20 4.3479e-14 0
0.00205426 2.90456e-20 4.33093e-14 0
0.00207089 2.86424e-20 4.31463e-14 0
0.00208766 2.82468e-20 4.29902e-14 0
0.00210456 2.78588e-20 4.2841e-14 0
0.0021216 2.74781e-20 4.26987e-14 0
0.00213877 2.71048e-20 4.25635e-14 0
0.00215609 2.67386e-20 4.24353e-14 0
0.00217354 2.63794e-20 4.23143e-14 0
0.00219114 2.60272e-20 4.22005e-14 0
0.00220888 2.56819e-20 4.2094e-14 0
0.00222676 2.53432e-20 4.19949e-14 0
0.00224479 2.50112e-20 4.19033e-14 0
0.00226296 2.46857e-20 4.18191e-14 0
0.00228128 2.43667e-20 4.17427e-14 0
0.00229975 2.40539e-20 4.16739e-14 0
0.00231837 2.37473e-20 4.1613e-14 0
0.00233714 2.34469e-20 4.15599e-14 0
0.00235606 2.31525e-20 4.15149e-14 0
0.00237513 2.2864e-20 4.14781e-14 0
0.00239436 2.25813e-20 4.14494e-14 0
0.00241374 2.23044e-20 4.14291e-14 0
0.00243329 2.20331e-20 4.14173e-14 0
0.00245298 2.17674e-20 4.14141e-14 0
0.00247284 2.15071e-20 4.14196e-14 0
0.00249286 2.12522e-20 4.14339e-14 0
0.00251304 2.10027e-20 4.14572e-14 0
0.00253339 2.07583e-20 4.14897e-14 0
0.0025539 2.0519e-20 4.15314e-14 0
0.00257457 2.02848e-20 4.15825e-14 0
0.00259542 2.00556e-20 4.16432e-14 0
0.00261643 1.98312e-20 4.17136e-14 0
0.00263761 1.96117e-20 4.17939e-14 0
0.00265896 1.93968e-20 4.18842e-14 0
0.00268049 1.91867e-20 4.19848e-14 0
0.00270219 1.8981e-20 4.20958e-14 0
0.00272407 1.87799e-20 4.22174e-14 0
0.00274612 1.85832e-20 4.23498e-14 0
0.00276835 1.83909e-20 4.24931e-14 0
0.00279076 1.82028e-20 4.26476e-14 0
0.00281336 1.80189e-20 4.28136e-14 0
0.00283613 1.78391e-20 4.29911e-14 0
0.00285909 1.76635e-20 4.31804e-14 0
0.00288224 1.74918e-20 4.33818e-14 0
0.00290557 1.7324e-20 4.35954e-14 0
0.00292909 1.716e-20 4.38216e-14 0
0.00295281 1.69999e-20 4.40605e-14 0
0.00297671 1.68435e-20 4.43125e-14 0
0.00300081 1.66907e-20 4.45777e-14 0
0.0030251 1.65416e-20 4.48564e-14 0
0.00304959 1.63959e-20 4.5149e-14 0
0.00307428 1.62537e-20 4.54557e-14 0
0.00309917 1.61149e-20 4.57768e-14 0
0.00312426 1.59795e-20 4.61125e-14 0
0.00314955 1.58473e-20 4.64633e-14 0
0.00317505 1.57184e-20 4.68294e-14 0
0.00320076 1.55926e-20 4.72111e-14 0
0.00322667 1.54699e-20 4.76087e-14 0
0.00325279 1.53502e-20 4.80227e-14 0
0.00327912 1.52335e-20 4.84534e-14 0
0.00330567 1.51197e-20 4.89011e-14 0
0.00333243 1.50088e-20 4.93661e-14 0
0.00335941 1.49007e-20 4.9849e-14 0
0.00338661 1.47954e-20 5.035e-14 0
0.00341402 1.46928e-20 5.08697e-14 0
0.00344166 1.45928e-20 5.14083e-14 0
0.00346953 1.44954e-20 5.19663e-14 0
0.00349761 1.44005e-20 5.25441e-14 0
0.00352593 1.43082e-20 5.31423e-14 0
0.00355447 1.42182e-20 5.37613e-14 0
0.00358325 1.41307e-20 5.44014e-14 0
0.00361226 1.40455e-20 5.50633e-14 0
0.0036415 1.39626e-20 5.57474e-14 0
0.00367098 1.38819e-20 5.64543e-14 0
0.0037007 1.38034e-20 5.71844e-14 0
0.00373066 1.37271e-20 5.79383e-14 0
0.00376086 1.36529e-20 5.87166e-14 0
0.00379131 1.35807e-20 5.95198e-14 0
0.003822 1.35105e-20 6.03485e-14 0
0.00385295 1.34423e-20 6.12033e-14 0
0.00388414 1.3376e-20 6.20849e-14 0
0.00391558 1.33116e-20 6.29938e-14 0
0.00394728 1.3249e-20 6.39307e-14 0
0.00397924 1.31882e-20 6.48964e-14 0
0.00401145 1.31291e-20 6.58914e-14 0
0.00404393 1.30718e-20 6.69165e-14 0
0.00407667 1.30162e-20 6.79723e-14 0
0.00410967 1.29621e-20 6.90598e-14 0
0.00414294 1.29097e-20 7.01795e-14 0
0.00417648 1.28589e-20 7.13324e-14 0
0.00421029 1.28095e-20 7.25191e-14 0
0.00424438 1.27617e-20 7.37406e-14 0
0.00427874 1.27152e-20 7.49977e-14 0
0.00431338 1.26703e-20 7.62912e-14 0
0.0043483 1.26267e-20 7.7622e-14 0
0.0043835 1.25844e-20 7.89911e-14 0
0.00441899 1.25435e-20 8.03995e-14 0
0.00445476 1.25038e-20 8.1848e-14 0
0.00449083 1.24654e-20 8.33377e-14 0
0.00452718 1.24282e-20 8.48696e-14 0
0.00456383 1.23922e-20 8.64447e-14 0
0.00460078 1.23574e-20 8.80642e-14 0
0.00463803 1.23237e-20 8.97291e-14 0
0.00467557 1.22911e-20 9.14406e-14 0
0.00471343 1.22596e-20 9.31999e-14 0
0.00475158 1.22292e-20 9.5008e-14 0
0.00479005 1.21997e-20 9.68664e-14 0
0.00482883 1.21713e-20 9.87763e-14 0
0.00486792 1.21439e-20 1.00739e-13 0
0.00490733 1.21174e-20 1.02755e-13 0
0.00494706 1.20918e-20 1.04828e-13 0
0.00498711 1.20672e-20 1.06957e-13 0
0.00502748 1.20434e-20 1.09144e-13 0
0.00506818 1.20205e-20 1.11391e-13 0
0.00510921 1.19984e-20 1.137e-13 0
0.00515058 1.19771e-20 1.16071e-13 0
0.00519227 1.19567e-20 1.18507e-13 0
0.00523431 1.1937e-20 1.21009e-13 0
0.00527669 1.1918e-20 1.23579e-13 0
0.0053194 1.18999e-20 1.26219e-13 0
0.00536247 1.18824e-20 1.2893e-13 0
0.00540588 1.18656e-20 1.31714e-13 0
0.00544964 1.18496e-20 1.34573e-13 0
0.00549376 1.18341e-20 1.3751e-13 0
0.00553824 1.18194e-20 1.40526e-13 0
0.00558307 1.18053e-20 1.43623e-13 0
0.00562827 1.17918e-20 1.46803e-13 0
0.00567384 1.17789e-20 1.50069e-13 0
0.00571977 1.17666e-20 1.53423e-13 0
0.00576608 1.17549e-20 1.56866e-13 0
0.00581276 1.17437e-20 1.60402e-13 0
0.00585982 1.17331e-20 1.64033e-13 0
0.00590725 1.17231e-20 1.67761e-13 0
0.00595508 1.17135e-20 1.71589e-13 0
0.00600329 1.17045e-20 1.7552e-13 0
0.00605189 1.1696e-20 1.79555e-13 0
0.00610088 1.1688e-20 1.83699e-13 0
0.00615027 1.16804e-20 1.87954e-13 0
0.00620006 1.16733e-20 1.92323e-13 0
0.00625026 1.16667e-20 1.96808e-13 0
0.00630086 1.16606e-20 2.01413e-13 0
0.00635187 1.16548e-20 2.06142e-13 0
0.00640329 1.16495e-20 2.10997e-13 0
0.00645513 1.16446e-20 2.15982e-13 0
0.00650739 1.16402e-20 2.21101e-13 0
0.00656007 1.16361e-20 2.26356e-13 0
0.00661318 1.16324e-20 2.31752e-13 0
0.00666672 1.16292e-20 2.37292e-13 0
0.00672069 1.16263e-20 2.42981e-13 0
0.0067751 1.16237e-20 2.48822e-13 0
0.00682995 1.16216e-20 2.5482e-13 0
0.00688524 1.16198e-20 2.60978e-13 0
0.00694098 1.16183e-20 2.67301e-13 0
0.00699717 1.16172e-20 2.73794e-13 0
0.00705382 1.16165e-20 2.80461e-13 0
0.00711092 1.16161e-20 2.87307e-13 0
0.00716849 1.1616e-20 2.94337e-13 0
0.00722652 1.16162e-20 3.01556e-13 0
0.00728503 1.16168e-20 3.08969e-13 0
0.00734401 1.16176e-20 3.16581e-13 0
0.00740346 1.16188e-20 3.24399e-13 0
0.0074634 1.16203e-20 3.32426e-13 0
0.00752382 1.16221e-20 3.40671e-13 0
0.00758473 1.16242e-20 3.49137e-13 0
0.00764613 1.16266e-20 3.57832e-13 0
0.00770803 1.16292e-20 3.66762e-13 0
0.00777043 1.16322e-20 3.75933e-13 0
0.00783334 1.16355e-20 3.85353e-13 0
0.00789676 1.1639e-20 3.95027e-13 0
0.00796069 1.16428e-20 4.04964e-13 0
0.00802513 1.16469e-20 4.1517e-13 0
0.0080901 1.16512e-20 4.25654e-13 0
0.0081556 1.16559e-20 4.36422e-13 0
0.00822162 1.16608e-20 4.47483e-13 0
0.00828818 1.16659e-20 4.58845e-13 0
0.00835528 1.16713e-20 4.70517e-13 0
0.00842292 1.1677e-20 4.82508e-13 0
0.00849111 1.1683e-20 4.94825e-13 0
0.00855985 1.16892e-20 5.0748e-13 0
0.00862915 1.16957e-20 5.20481e-13 0
0.00869901 1.17024e-20 5.33838e-13 0
0.00876943 1.17094e-20 5.47562e-13 0
0.00884043 1.17166e-20 5.61662e-13 0
0.008912 1.17241e-20 5.76151e-13 0
0.00898414 1.17319e-20 5.91038e-13 0
0.00905688 1.17399e-20 6.06335e-13 0
0.0091302 1.17481e-20 6.22055e-13 0
0.00920411 1.17566e-20 6.38208e-13 0
0.00927863 1.17654e-20 6.54809e-13 0
0.00935374 1.17744e-20 6.7187e-13 0
0.00942947 1.17837e-20 6.89404e-13 0
0.00950581 1.17932e-20 7.07424e-13 0
0.00958276 1.1803e-20 7.25946e-13 0
0.00966034 1.1813e-20 7.44984e-13 0
0.00973855 1.18233e-20 7.64553e-13 0
0.00981739 1.18338e-20 7.84668e-13 0
0.00989687 1.18446e-20 8.05346e-13 0
0.00997699 1.18556e-20 8.26603e-13 0
0.0100578 1.18669e-20 8.48456e-13 0
0.0101392 1.18785e-20 8.70923e-13 0
0.0102213 1.18903e-20 8.94022e-13 0
0.010304 1.19023e-20 9.17772e-13 0
0.0103874 1.19147e-20 9.42192e-13 0
0.0104715 1.19273e-20 9.67302e-13 0
0.0105563 1.19401e-20 9.93123e-13 0
0.0106418 1.19532e-20 1.01968e-12 0
0.0107279 1.19666e-20 1.04698e-12 0
0.0108148 1.19803e-20 1.07506e-12 0
0.0109023 1.19942e-20 1.10395e-12 0
0.0109906 1.20084e-20 1.13365e-12 0
0.0110796 1.20228e-20 1.16421e-12 0
0.0111693 1.20376e-20 1.19564e-12 0
0.0112597 1.20526e-20 1.22797e-12 0
0.0113508 1.20679e-20 1.26123e-12 0
0.0114427 1.20835e-20 1.29545e-12 0
0.0115354 1.20993e-20 1.33065e-12 0
0.0116287 1.21154e-20 1.36687e-12 0
0.0117229 1.21319e-20 1.40414e-12 0
0.0118178 1.21486e-20 1.44249e-12 0
0.0119135 1.21656e-20 1.48195e-12 0
0.0120099 1.21829e-20 1.52255e-12 0
0.0121071 1.22005e-20 1.56434e-12 0
0.0122052 1.22184e-20 1.60735e-12 0
0.012304 1.22366e-20 1.65162e-12 0
0.0124036 1.22551e-20 1.69718e-12 0
0.012504 1.22739e-20 1.74407e-12 0
0.0126052 1.22931e-20 1.79235e-12 0
0.0127073 1.23125e-20 1.84205e-12 0
0.0128101 1.23323e-20 1.89321e-12 0
0.0129138 1.23524e-20 1.94589e-12 0
0.0130184 1.23728e-20 2.00012e-12 0
0.0131238 1.23935e-20 2.05597e-12 0
0.01323 1.24146e-20 2.11347e-12 0
0.0133371 1.2436e-20 2.17269e-12 0
0.0134451 1.24577e-20 2.23368e-12 0
0.013554 1.24798e-20 2.29648e-12 0
0.0136637 1.25022e-20 2.36117e-12 0
0.0137743 1.2525e-20 2.4278e-12 0
0.0138858 1.25481e-20 2.49643e-12 0
0.0139982 1.25716e-20 2.56714e-12 0
0.0141116 1.25954e-20 2.63997e-12 0
0.0142258 1.26196e-20 2.71501e-12 0
0.014341 1.26442e-20 2.79232e-12 0
0.0144571 1.26691e-20 2.87198e-12 0
0.0145741 1.26944e-20 2.95407e-12 0
0.0146921 1.27201e-20 3.03866e-12 0
0.014811 1.27462e-20 3.12583e-12 0
0.0149309 1.27726e-20 3.21567e-12 0
0.0150518 1.27995e-20 3.30827e-12 0
0.0151737 1.28267e-20 3.40371e-12 0
0.0152965 1.28543e-20 3.50209e-12 0
0.0154203 1.28824e-20 3.60351e-12 0
0.0155452 1.29108e-20 3.70807e-12 0
0.015671 1.29397e-20 3.81587e-12 0
0.0157979 1.2969e-20 3.92701e-12 0
0.0159258 1.29987e-20 4.04161e-12 0
0.0160547 1.30288e-20 4.15979e-12 0
0.0161847 1.30594e-20 4.28166e-12 0
0.0163157 1.30904e-20 4.40734e-12 0
0.0164478 1.31219e-20 4.53697e-12 0
0.016581 1.31537e-20 4.67067e-12 0
0.0167152 1.31861e-20 4.80859e-12 0
0.0168505 1.32189e-20 4.95086e-12 0
0.0169869 1.32521e-20 5.09763e-12 0
0.0171245 1.32859e-20 5.24905e-12 0
0.0172631 1.332e-20 5.40528e-12 0
0.0174028 1.33547e-20 5.56649e-12 0
0.0175437 1.33899e-20 5.73284e-12 0
0.0176858 1.34255e-20 5.9045e-12 0
0.0178289 1.34616e-20 6.08167e-12 0
0.0179733 1.34982e-20 6.26452e-12 0
0.0181188 1.35354e-20 6.45325e-12 0
0.0182655 1.3573e-20 6.64806e-12 0
0.0184133 1.36111e-20 6.84917e-12 0
0.0185624 1.36498e-20 7.05678e-12 0
0.0187127 1.3689e-20 7.27113e-12 0
0.0188642 1.37287e-20 7.49244e-12 0
0.0190169 1.3769e-20 7.72096e-12 0
0.0191708 1.38097e-20 7.95694e-12 0
0.019326 1.38511e-20 8.20063e-12 0
0.0194825 1.3893e-20 8.45231e-12 0
0.0196402 1.39354e-20 8.71225e-12 0
0.0197992 1.39784e-20 8.98075e-12 0
0.0199595 1.4022e-20 9.25809e-12 0
0.0201211 1.40662e-20 9.54459e-12 0
0.020284 1.41109e-20 9.84058e-12 0
0.0204482 1.41562e-20 1.01464e-11 0
0.0206138 1.42021e-20 1.04624e-11 0
0.0207806 1.42487e-20 1.07888e-11 0
0.0209489 1.42958e-20 1.11262e-11 0
0.0211185 1.43435e-20 1.14749e-11 0
0.0212894 1.43919e-20 1.18352e-11 0
0.0214618 1.44408e-20 1.22077e-11 0
0.0216355 1.44904e-20 1.25926e-11 0
0.0218107 1.45407e-20 1.29906e-11 0
0.0219873 1.45916e-20 1.3402e-11 0
0.0221653 1.46431e-20 1.38273e-11 0
0.0223447 1.46953e-20 1.4267e-11 0
0.0225256 1.47482e-20 1.47216e-11 0
0.022708 1.48017e-20 1.51917e-11 0
0.0228918 1.48559e-20 1.56779e-11 0
0.0230771 1.49108e-20 1.61806e-11 0
0.0232639 1.49663e-20 1.67006e-11 0
0.0234523 1.50226e-20 1.72384e-11 0
0.0236421 1.50796e-20 1.77946e-11 0
0.0238335 1.51372e-20 1.83701e-11 0
0.0240265 1.51956e-20 1.89653e-11 0
0.024221 1.52548e-20 1.95811e-11 0
0.0244171 1.53146e-20 2.02183e-11 0
0.0246148 1.53752e-20 2.08775e-11 0
0.024814 1.54365e-20 2.15596e-11 0
0.0250149 1.54986e-20 2.22655e-11 0
0.0252174 1.55614e-20 2.2996e-11 0
0.0254216 1.5625e-20 2.3752e-11 0
0.0256274 1.56894e-20 2.45345e-11 0
0.0258349 1.57545e-20 2.53443e-11 0
0.026044 1.58205e-20 2.61827e-11 0
0.0262549 1.58872e-20 2.70505e-11 0
0.0264674 1.59547e-20 2.79489e-11 0
0.0266817 1.60231e-20 2.8879e-11 0
0.0268977 1.60922e-20 2.9842e-11 0
0.0271154 1.61622e-20 3.08391e-11 0
0.027335 1.6233e-20 3.18716e-11 0
0.0275562 1.63047e-20 3.29409e-11 0
0.0277793 1.63771e-20 3.40481e-11 0
0.0280042 1.64505e-20 3.51949e-11 0
0.0282309 1.65247e-20 3.63826e-11 0
0.0284595 1.65998e-20 3.76128e-11 0
0.0286899 1.66757e-20 3.88871e-11 0
0.0289222 1.67525e-20 4.02072e-11 0
0.0291563 1.68303e-20 4.15747e-11 0
0.0293923 1.69089e-20 4.29915e-11 0
0.0296303 1.69884e-20 4.44594e-11 0
0.0298702 1.70688e-20 4.59803e-11 0
0.030112 1.71502e-20 4.75562e-11 0
0.0303558 1.72325e-20 4.91893e-11 0
0.0306015 1.73157e-20 5.08816e-11 0
0.0308493 1.73999e-20 5.26354e-11 0
0.031099 1.7485e-20 5.44531e-11 0
0.0313508 1.75711e-20 5.6337e-11 0
0.0316046 1.76582e-20 5.82897e-11 0
0.0318604 1.77462e-20 6.03139e-11 0
0.0321184 1.78352e-20 6.24121e-11 0
0.0323784 1.79253e-20 6.45873e-11 0
0.0326405 1.80163e-20 6.68424e-11 0
0.0329048 1.81083e-20 6.91805e-11 0
0.0331711 1.82014e-20 7.16046e-11 0
0.0334397 1.82955e-20 7.41181e-11 0
0.0337104 1.83906e-20 7.67245e-11 0
0.0339833 1.84868e-20 7.94273e-11 0
0.0342584 1.8584e-20 8.22301e-11 0
0.0345358 1.86823e-20 8.51369e-11 0
0.0348154 1.87816e-20 8.81516e-11 0
0.0350972 1.88821e-20 9.12784e-11 0
0.0353813 1.89836e-20 9.45216e-11 0
0.0356678 1.90862e-20 9.78857e-11 0
0.0359565 1.919e-20 1.01375e-10 0
0.0362476 1.92948e-20 1.04995e-10 0
0.0365411 1.94008e-20 1.08751e-10 0
0.0368369 1.95079e-20 1.12647e-10 0
0.0371351 1.96161e-20 1.1669e-10 0
0.0374358 1.97255e-20 1.20884e-10 0
0.0377388 1.98361e-20 1.25236e-10 0
0.0380443 1.99478e-20 1.29751e-10 0
0.0383523 2.00607e-20 1.34437e-10 0
0.0386628 2.01748e-20 1.393e-10 0
0.0389758 2.02901e-20 1.44346e-10 0
0.0392914 2.04066e-20 1.49584e-10 0
0.0396095 2.05243e-20 1.55019e-10 0
0.0399301 2.06433e-20 1.60661e-10 0
0.0402534 2.07635e-20 1.66517e-10 0
0.0405793 2.08849e-20 1.72595e-10 0
0.0409078 2.10076e-20 1.78904e-10 0
0.041239 2.11315e-20 1.85454e-10 0
0.0415728 2.12567e-20 1.92253e-10 0
0.0419094 2.13832e-20 1.99311e-10 0
0.0422487 2.1511e-20 2.06639e-10 0
0.0425907 2.16402e-20 2.14247e-10 0
0.0429355 2.17706e-20 2.22147e-10 0
0.0432831 2.19023e-20 2.30349e-10 0
0.0436335 2.20354e-20 2.38865e-10 0
0.0439867 2.21698e-20 2.47708e-10 0
0.0443428 2.23056e-20 2.56891e-10 0
0.0447018 2.24428e-20 2.66427e-10 0
0.0450637 2.25813e-20 2.76331e-10 0
0.0454285 2.27212e-20 2.86615e-10 0
0.0457963 2.28625e-20 2.97297e-10 0
0.0461671 2.30052e-20 3.0839e-10 0
0.0465408 2.31494e-20 3.19912e-10 0
0.0469176 2.32949e-20 3.3188e-10 0
0.0472974 2.34419e-20 3.4431e-10 0
0.0476803 2.35904e-20 3.57222e-10 0
0.0480663 2.37403e-20 3.70635e-10 0
0.0484555 2.38917e-20 3.84568e-10 0
0.0488477 2.40446e-20 3.99042e-10 0
0.0492432 2.4199e-20 4.14079e-10 0
0.0496418 2.43548e-20 4.297e-10 0
0.0500437 2.45122e-20 4.45929e-10 0
0.0504489 2.46712e-20 4.62791e-10 0
0.0508573 2.48316e-20 4.8031e-10 0
0.051269 2.49937e-20 4.98512e-10 0
0.0516841 2.51573e-20 5.17425e-10 0
0.0521025 2.53224e-20 5.37078e-10 0
0.0525243 2.54892e-20 5.57498e-10 0
0.0529495 2.56575e-20 5.78718e-10 0
0.0533782 2.58275e-20 6.00769e-10 0
0.0538103 2.59991e-20 6.23683e-10 0
0.0542459 2.61723e-20 6.47497e-10 0
0.0546851 2.63472e-20 6.72245e-10 0
0.0551278 2.65238e-20 6.97965e-10 0
0.0555741 2.6702e-20 7.24695e-10 0
0.056024 2.68819e-20 7.52477e-10 0
0.0564776 2.70635e-20 7.81352e-10 0
0.0569348 2.72468e-20 8.11363e-10 0
0.0573957 2.74319e-20 8.42558e-10 0
0.0578604 2.76186e-20 8.74982e-10 0
0.0583288 2.78072e-20 9.08685e-10 0
0.058801 2.79975e-20 9.43718e-10 0
0.059277 2.81895e-20 9.80135e-10 0
0.0597569 2.83834e-20 1.01799e-09 0
0.0602407 2.85791e-20 1.05735e-09 0
0.0607284 2.87766e-20 1.09826e-09 0
0.06122 2.89759e-20 1.14079e-09 0
0.0617156 2.9177e-20 1.185e-09 0
0.0622153 2.93801e-20 1.23097e-09 0
0.0627189 2.9585e-20 1.27876e-09 0
0.0632267 2.97917e-20 1.32845e-09 0
0.0637386 3.00004e-20 1.38011e-09 0
0.0642546 3.0211e-20 1.43382e-09 0
0.0647747 3.04236e-20 1.48966e-09 0
0.0652991 3.0638e-20 1.54773e-09 0
0.0658278 3.08545e-20 1.60811e-09 0
0.0663607 3.10729e-20 1.67089e-09 0
0.0668979 3.12933e-20 1.73617e-09 0
0.0674395 3.15157e-20 1.80405e-09 0
0.0679855 3.17401e-20 1.87463e-09 0
0.0685359 3.19666e-20 1.94803e-09 0
0.0690907 3.21951e-20 2.02436e-09 0
0.0696501 3.24256e-20 2.10374e-09 0
0.0702139 3.26583e-20 2.18629e-09 0
0.0707823 3.2893e-20 2.27213e-09 0
0.0713554 3.31299e-20 2.36141e-09 0
0.071933 3.33689e-20 2.45425e-09 0
0.0725154 3.361e-20 2.55081e-09 0
0.0731025 3.38533e-20 2.65124e-09 0
0.0736943 3.40988e-20 2.75569e-09 0
0.0742909 3.43464e-20 2.86431e-09 0
0.0748923 3.45963e-20 2.9773e-09 0
0.0754986 3.48484e-20 3.09481e-09 0
0.0761098 3.51028e-20 3.21703e-09 0
0.076726 3.53594e-20 3.34416e-09 0
0.0773471 3.56182e-20 3.47639e-09 0
0.0779733 3.58794e-20 3.61393e-09 0
0.0786046 3.61429e-20 3.75699e-09 0
0.0792409 3.64087e-20 3.9058e-09 0
0.0798824 3.66769e-20 4.06059e-09 0
0.0805291 3.69474e-20 4.22161e-09 0
0.0811811 3.72203e-20 4.3891e-09 0
0.0818383 3.74957e-20 4.56333e-09 0
0.0825008 3.77734e-20 4.74458e-09 0
0.0831687 3.80536e-20 4.93312e-09 0
0.083842 3.83362e-20 5.12925e-09 0
0.0845208 3.86213e-20 5.33329e-09 0
0.085205 3.89089e-20 5.54555e-09 0
0.0858948 3.9199e-20 5.76637e-09 0
0.0865902 3.94917e-20 5.99609e-09 0
0.0872912 3.97869e-20 6.23508e-09 0
0.0879979 4.00847e-20 6.48372e-09 0
0.0887103 4.0385e-20 6.74238e-09 0
0.0894285 4.0688e-20 7.0115e-09 0
0.0901524 4.09936e-20 7.29148e-09 0
0.0908823 4.13019e-20 7.58277e-09 0
0.091618 4.16128e-20 7.88584e-09 0
0.0923597 4.19264e-20 8.20115e-09 0
0.0931075 4.22428e-20 8.52921e-09 0
0.0938612 4.25618e-20 8.87054e-09 0
0.0946211 4.28837e-20 9.22568e-09 0
0.0953871 4.32083e-20 9.59519e-09 0
0.0961593 4.35357e-20 9.97966e-09 0
0.0969378 4.38659e-20 1.03797e-08 0
0.0977226 4.41989e-20 1.07959e-08 0
0.0985137 4.45349e-20 1.1229e-08 0
0.0993113 4.48737e-20 1.16796e-08 0
0.100115 4.52154e-20 1.21485e-08 0
0.100926 4.556e-20 1.26364e-08 0
0.101743 4.59076e-20 1.31441e-08 0
0.102566 4.62582e-20 1.36724e-08 0
0.103397 4.66118e-20 1.42221e-08 0
0.104234 4.69683e-20 1.47941e-08 0
0.105078 4.7328e-20 1.53893e-08 0
0.105928 4.76907e-20 1.60087e-08 0
0.106786 4.80565e-20 1.66532e-08 0
0.10765 4.84254e-20 1.73239e-08 0
0.108522 4.87974e-20 1.80218e-08 0
0.109401 4.91727e-20 1.87481e-08 0
0.110286 4.95511e-20 1.95039e-08 0
0.111179 4.99327e-20 2.02904e-08 0
0.112079 5.03175e-20 2.11088e-08 0
0.112986 5.07057e-20 2.19606e-08 0
0.113901 5.10971e-20 2.28469e-08 0
0.114823 5.14918e-20 2.37693e-08 0
0.115753 5.18899e-20 2.47293e-08 0
0.11669 5.22913e-20 2.57282e-08 0
0.117635 5.26961e-20 2.67679e-08 0
0.118587 5.31044e-20 2.78498e-08 0
0.119547 5.35161e-20 2.89758e-08 0
0.120515 5.39312e-20 3.01476e-08 0
0.12149 5.43499e-20 3.13671e-08 0
0.122474 5.47721e-20 3.26363e-08 0
0.123466 5.51978e-20 3.39572e-08 0
0.124465 5.56272e-20 3.53319e-08 0
0.125473 5.60601e-20 3.67626e-08 0
0.126488 5.64967e-20 3.82516e-08 0
0.127513 5.69369e-20 3.98013e-08 0
0.128545 5.73809e-20 4.14142e-08 0
0.129585 5.78285e-20 4.30928e-08 0
0.130635 5.828e-20 4.48398e-08 0
0.131692 5.87352e-20 4.66581e-08 0
0.132758 5.91942e-20 4.85505e-08 0
0.133833 5.96571e-20 5.05202e-08 0
0.134916 6.01238e-20 5.25701e-08 0
0.136009 6.05945e-20 5.47038e-08 0
0.13711 6.1069e-20 5.69245e-08 0
0.13822 6.15476e-20 5.92358e-08 0
0.139339 6.20301e-20 6.16414e-08 0
0.140467 6.25167e-20 6.41453e-08 0
0.141604 6.30074e-20 6.67514e-08 0
0.14275 6.35021e-20 6.94638e-08 0
0.143906 6.40009e-20 7.22871e-08 0
0.145071 6.45039e-20 7.52256e-08 0
0.146246 6.50111e-20 7.82842e-08 0
0.147429 6.55226e-20 8.14677e-08 0
0.148623 6.60382e-20 8.47813e-08 0
0.149826 6.65582e-20 8.82303e-08 0
0.151039 6.70825e-20 9.18202e-08 0
0.152262 6.76112e-20 9.55568e-08 0
0.153495 6.81442e-20 9.94462e-08 0
0.154737 6.86817e-20 1.03494e-07 0
0.15599 6.92236e-20 1.07708e-07 0
0.157253 6.97701e-20 1.12094e-07 0
0.158526 7.0321e-20 1.1666e-07 0
0.159809 7.08766e-20 1.21412e-07 0
0.161103 7.14367e-20 1.26358e-07 0
0.162407 7.20015e-20 1.31507e-07 0
0.163722 7.25709e-20 1.36867e-07 0
0.165047 7.31451e-20 1.42445e-07 0
0.166384 7.3724e-20 1.48252e-07 0
0.167731 7.43078e-20 1.54297e-07 0
0.169088 7.48963e-20 1.60588e-07 0
0.170457 7.54897e-20 1.67138e-07 0
0.171837 7.6088e-20 1.73955e-07 0
0.173228 7.66913e-20 1.81051e-07 0
0.174631 7.72996e-20 1.88438e-07 0
0.176045 7.79128e-20 1.96127e-07 0
0.17747 7.85312e-20 2.04131e-07 0
0.178907 7.91546e-20 2.12463e-07 0
0.180355 7.97832e-20 2.21135e-07 0
0.181815 8.0417e-20 2.30163e-07 0
0.183287 8.1056e-20 2.39561e-07 0
0.184771 8.17002e-20 2.49343e-07 0
0.186267 8.23498e-20 2.59526e-07 0
0.187775 8.30047e-20 2.70126e-07 0
0.189295 8.36651e-20 2.81161e-07 0
0.190827 8.43308e-20 2.92647e-07 0
0.192372 8.50021e-20 3.04604e-07 0
0.193929 8.56788e-20 3.17051e-07 0
0.195499 8.63612e-20 3.30008e-07 0
0.197082 8.70491e-20 3.43496e-07 0
0.198678 8.77427e-20 3.57536e-07 0
0.200286 8.8442e-20 3.72152e-07 0
0.201908 8.91471e-20 3.87367e-07 0
0.203542 8.98579e-20 4.03206e-07 0
0.20519 9.05746e-20 4.19693e-07 0
0.206851 9.12972e-20 4.36857e-07 0
0.208526 9.20257e-20 4.54724e-07 0
0.210214 9.27602e-20 4.73324e-07 0
0.211916 9.35007e-20 4.92686e-07 0
0.213631 9.42473e-20 5.12842e-07 0
0.215361 9.50001e-20 5.33824e-07 0
0.217104 9.5759e-20 5.55667e-07 0
0.218862 9.65241e-20 5.78406e-07 0
0.220634 9.72955e-20 6.02077e-07 0
0.22242 9.80732e-20 6.26719e-07 0
0.224221 9.88573e-20 6.52371e-07 0
0.226036 9.96478e-20 6.79076e-07 0
0.227866 1.00445e-19 7.06875e-07 0
0.22971 1.01248e-19 7.35816e-07 0
0.23157 1.02059e-19 7.65943e-07 0
0.233445 1.02875e-19 7.97306e-07 0
0.235335 1.03699e-19 8.29956e-07 0
0.23724 1.04529e-19 8.63945e-07 0
0.23916 1.05366e-19 8.99329e-07 0
0.241097 1.0621e-19 9.36165e-07 0
0.243048 1.0706e-19 9.74512e-07 0
0.245016 1.07918e-19 1.01443e-06 0
0.247 1.08783e-19 1.05599e-06 0
0.248999 1.09655e-19 1.09926e-06 0
0.251015 1.10533e-19 1.1443e-06 0
0.253047 1.1142e-19 1.19118e-06 0
0.255096 1.12313e-19 1.24e-06 0
0.257161 1.13214e-19 1.29081e-06 0
0.259243 1.14122e-19 1.34371e-06 0
0.261342 1.15037e-19 1.39879e-06 0
0.263457 1.1596e-19 1.45612e-06 0
0.26559 1.1689e-19 1.51581e-06 0
0.26774 1.17828e-19 1.57794e-06 0
0.269908 1.18774e-19 1.64263e-06 0
0.272093 1.19727e-19 1.70998e-06 0
0.274296 1.20689e-19 1.78008e-06 0
0.276516 1.21658e-19 1.85307e-06 0
0.278755 1.22635e-19 1.92905e-06 0
0.281012 1.23619e-19 2.00816e-06 0
0.283287 1.24612e-19 2.09051e-06 0
0.28558 1.25613e-19 2.17624e-06 0
0.287892 1.26623e-19 2.26549e-06 0
0.290223 1.2764e-19 2.35841e-06 0
0.292572 1.28666e-19 2.45515e-06 0
0.294941 1.297e-19 2.55585e-06 0
0.297329 1.30743e-19 2.66069e-06 0
0.299736 1.31794e-19 2.76984e-06 0
0.302162 1.32853e-19 2.88347e-06 0
0.304608 1.33921e-19 3.00177e-06 0
0.307074 1.34998e-19 3.12492e-06 0
0.30956 1.36084e-19 3.25314e-06 0
0.312066 1.37179e-19 3.38662e-06 0
0.314593 1.38282e-19 3.52558e-06 0
0.31714 1.39395e-19 3.67025e-06 0
0.319707 1.40516e-19 3.82086e-06 0
0.322295 1.41647e-19 3.97766e-06 0
0.324905 1.42787e-19 4.14091e-06 0
0.327535 1.43936e-19 4.31085e-06 0
0.330187 1.45095e-19 4.48778e-06 0
0.33286 1.46263e-19 4.67198e-06 0
0.335554 1.4744e-19 4.86374e-06 0
0.338271 1.48627e-19 5.06339e-06 0
0.341009 1.49824e-19 5.27123e-06 0
0.34377 1.5103e-19 5.48762e-06 0
0.346553 1.52247e-19 5.71289e-06 0
0.349359 1.53473e-19 5.94742e-06 0
0.352187 1.54709e-19 6.19159e-06 0
0.355038 1.55955e-19 6.44579e-06 0
0.357913 1.57212e-19 6.71043e-06 0
0.36081 1.58478e-19 6.98595e-06 0
0.363731 1.59755e-19 7.27279e-06 0
0.366676 1.61042e-19 7.57142e-06 0
0.369644 1.6234e-19 7.88231e-06 0
0.372637 1.63648e-19 8.20599e-06 0
0.375653 1.64967e-19 8.54296e-06 0
0.378695 1.66297e-19 8.89378e-06 0
0.38176 1.67637e-19 9.25902e-06 0
0.384851 1.68989e-19 9.63927e-06 0
0.387967 1.70351e-19 1.00351e-05 0
0.391108 1.71724e-19 1.04473e-05 0
0.394274 1.73109e-19 1.08764e-05 0
0.397466 1.74505e-19 1.13231e-05 0
0.400683 1.75912e-19 1.17882e-05 0
0.403927 1.77331e-19 1.22724e-05 0
0.407197 1.78761e-19 1.27765e-05 0
0.410494 1.80203e-19 1.33013e-05 0
0.413817 1.81656e-19 1.38477e-05 0
0.417167 1.83121e-19 1.44165e-05 0
0.420544 1.84599e-19 1.50087e-05 0
0.423949 1.86088e-19 1.56253e-05 0
0.427381 1.87589e-19 1.62672e-05 0
0.430841 1.89103e-19 1.69355e-05 0
0.434329 1.90628e-19 1.76313e-05 0
0.437845 1.92167e-19 1.83556e-05 0
0.44139 1.93717e-19 1.91098e-05 0
0.444963 1.95281e-19 1.98949e-05 0
0.448566 1.96857e-19 2.07123e-05 0
0.452197 1.98445e-19 2.15633e-05 0
0.455858 2.00047e-19 2.24493e-05 0
0.459548 2.01662e-19 2.33718e-05 0
0.463269 2.0329e-19 2.43321e-05 0
0.467019 2.04931e-19 2.53319e-05 0
0.4708 2.06585e-19 2.63729e-05 0
0.474611 2.08253e-19 2.74566e-05 0
0.478454 2.09934e-19 2.85849e-05 0
0.482327 2.11629e-19 2.97595e-05 0
0.486232 2.13338e-19 3.09825e-05 0
0.490168 2.1506e-19 3.22557e-05 0
0.494136 2.16797e-19 3.35813e-05 0
0.498137 2.18547e-19 3.49613e-05 0
0.50217 2.20312e-19 3.63982e-05 0
0.506235 2.22091e-19 3.7894e-05 0
0.510333 2.23885e-19 3.94514e-05 0
0.514465 2.25693e-19 4.10729e-05 0
0.51863 2.27516e-19 4.27609e-05 0
0.522828 2.29354e-19 4.45184e-05 0
0.527061 2.31206e-19 4.63482e-05 0
0.531328 2.33074e-19 4.82532e-05 0
0.535629 2.34957e-19 5.02365e-05 0
0.539966 2.36855e-19 5.23014e-05 0
0.544337 2.38768e-19 5.44511e-05 0
0.548744 2.40697e-19 5.66893e-05 0
0.553186 2.42642e-19 5.90195e-05 0
0.557665 2.44602e-19 6.14455e-05 0
0.562179 2.46578e-19 6.39713e-05 0
0.566731 2.4857e-19 6.66009e-05 0
0.571319 2.50579e-19 6.93386e-05 0
0.575944 2.52604e-19 7.21889e-05 0
0.580607 2.54645e-19 7.51565e-05 0
0.585307 2.56703e-19 7.8246e-05 0
0.590045 2.58777e-19 8.14626e-05 0
0.594822 2.60868e-19 8.48115e-05 0
0.599638 2.62976e-19 8.82981e-05 0
0.604492 2.65102e-19 9.1928e-05 0
0.609386 2.67244e-19 9.57072e-05 0
0.614319 2.69404e-19 9.96419e-05 0
0.619293 2.71581e-19 0.000103738 0
0.624306 2.73777e-19 0.000108003 0
0.62936 2.75989e-19 0.000112443 0
0.634456 2.7822e-19 0.000117066 0
0.639592 2.80469e-19 0.000121879 0
0.64477 2.82736e-19 0.00012689 0
0.64999 2.85022e-19 0.000132107 0
0.655252 2.87326e-19 0.000137539 0
0.660556 2.89649e-19 0.000143194 0
0.665904 2.9199e-19 0.000149081 0
0.671295 2.94351e-19 0.000155211 0
0.67673 2.9673e-19 0.000161592 0
0.682208 2.99129e-19 0.000168236 0
0.687731 3.01548e-19 0.000175154 0
0.693299 3.03986e-19 0.000182355 0
0.698912 3.06444e-19 0.000189853 0
0.70457 3.08921e-19 0.00019766 0
0.710274 3.11419e-19 0.000205787 0
0.716024 3.13937e-19 0.000214249 0
0.721821 3.16476e-19 0.000223059 0
0.727664 3.19035e-19 0.000232231 0
0.733555 3.21614e-19 0.00024178 0
0.739494 3.24215e-19 0.000251722 0
0.74548 3.26837e-19 0.000262073 0
0.751516 3.2948e-19 0.000272849 0
0.7576 3.32144e-19 0.000284069 0
0.763733 3.3483e-19 0.00029575 0
0.769916 3.37538e-19 0.000307912 0
0.776149 3.40268e-19 0.000320573 0
0.782432 3.4302e-19 0.000333756 0
0.788767 3.45794e-19 0.000347481 0
0.795152 3.4859e-19 0.00036177 0
0.801589 3.5141e-19 0.000376647 0
0.808079 3.54252e-19 0.000392136 0
0.814621 3.57117e-19 0.000408262 0
0.821216 3.60005e-19 0.000425051 0
0.827864 3.62917e-19 0.00044253 0
0.834566 3.65853e-19 0.000460729 0
0.841322 3.68812e-19 0.000479676 0
0.848134 3.71795e-19 0.000499402 0
0.855 3.74802e-19 0.00051994 0
0.861922 3.77834e-19 0.000541323 0
0.868899 3.8089e-19 0.000563584 0
0.875934 3.83971e-19 0.000586762 0
0.883025 3.87077e-19 0.000610893 0
0.890174 3.90208e-19 0.000636016 0
0.89738 3.93365e-19 0.000662173 0
0.904645 3.96547e-19 0.000689406 0
0.911969 3.99755e-19 0.000717759 0
0.919352 4.02989e-19 0.000747278 0
0.926795 4.06249e-19 0.000778011 0
0.934298 4.09535e-19 0.000810008 0
0.941861 4.12848e-19 0.000843321 0
0.949486 4.16188e-19 0.000878005 0
0.957173 4.19555e-19 0.000914115 0
0.964922 4.2295e-19 0.000951711 0
0.972734 4.26371e-19 0.000990852 0
0.980609 4.29821e-19 0.0010316 0
0.988547 4.33298e-19 0.00107403 0
0.99655 4.36804e-19 0.00111821 0
1.00462 4.40338e-19 0.0011642 0
1.01275 4.43901e-19 0.00121208 0
1.02095 4.47492e-19 0.00126193 0
1.02922 4.51113e-19 0.00131383 0
1.03755 4.54763e-19 0.00136787 0
1.04595 4.58442e-19 0.00142413 0
1.05441 4.62151e-19 0.0014827 0
1.06295 4.65891e-19 0.00154368 0
1.07156 4.6966e-19 0.00160718 0
1.08023 4.7346e-19 0.00167328 0
1.08898 4.77291e-19 0.0017421 0
1.09779 4.81153e-19 0.00181376 0
1.10668 4.85047e-19 0.00188836 0
1.11564 4.88971e-19 0.00196603 0
1.12467 4.92928e-19 0.00204689 0
1.13378 4.96917e-19 0.00213108 0
1.14295 5.00937e-19 0.00221873 0
1.15221 5.04991e-19 0.00230999 0
1.16154 5.09077e-19 0.002405 0
1.17094 5.13197e-19 0.00250393 0
1.18042 5.17349e-19 0.00260692 0
1.18997 5.21536e-19 0.00271414 0
1.19961 5.25756e-19 0.00282578 0
1.20932 5.30011e-19 0.00294201 0
1.21911 5.343e-19 0.00306302 0
1.22898 5.38623e-19 0.00318901 0
1.23893 5.42982e-19 0.00332018 0
1.24896 5.47376e-19 0.00345675 0
1.25907 5.51806e-19 0.00359893 0
1.26926 5.56271e-19 0.00374696 0
1.27954 5.60773e-19 0.00390109 0
1.2899 5.65311e-19 0.00406155 0
1.30034 5.69886e-19 0.00422861 0
1.31087 5.74498e-19 0.00440255 0
1.32148 5.79147e-19 0.00458364 0
1.33218 5.83834e-19 0.00477218 0
1.34296 5.88559e-19 0.00496847 0
1.35384 5.93322e-19 0.00517284 0
1.3648 5.98124e-19 0.00538562 0
1.37584 6.02964e-19 0.00560715 0
1.38698 6.07844e-19 0.00583779 0
1.39821 6.12763e-19 0.00607792 0
1.40953 6.17723e-19 0.00632793 0
1.42094 6.22722e-19 0.00658822 0
1.43245 6.27762e-19 0.00685922 0
1.44404 6.32842e-19 0.00714137 0
1.45573 6.37964e-19 0.00743512 0
1.46752 6.43127e-19 0.00774096 0
1.4794 6.48332e-19 0.00805938 0
1.49137 6.53579e-19 0.00839089 0
1.50345 6.58869e-19 0.00873605 0
1.51562 6.64202e-19 0.0090954 0
1.52789 6.69577e-19 0.00946954 0
1.54026 6.74997e-19 0.00985906 0
1.55273 6.8046e-19 0.0102646 0
1.5653 6.85967e-19 0.0106868 0
1.57797 6.91519e-19 0.0111264 0
1.59075 6.97116e-19 0.0115841 0
1.60362 7.02758e-19 0.0120606 0
1.61661 7.08446e-19 0.0125568 0
1.62969 7.1418e-19 0.0130733 0
1.64289 7.19961e-19 0.0136111 0
1.65619 7.25788e-19 0.0141709 0
1.6696 7.31662e-19 0.0147539 0
1.68311 7.37584e-19 0.0153608 0
1.69674 7.43554e-19 0.0159927 0
1.71047 7.49572e-19 0.0166505 0
1.72432 7.55639e-19 0.0173354 0
1.73828 7.61755e-19 0.0180486 0
1.75235 7.67921e-19 0.018791 0
1.76654 7.74137e-19 0.019564 0
1.78084 7.80403e-19 0.0203687 0
1.79526 7.86719e-19 0.0212066 0
1.80979 7.93087e-19 0.022079 0
1.82444 7.99506e-19 0.0229872 0
1.83921 8.05978e-19 0.0239328 0
1.8541 8.12501e-19 0.0249173 0
1.86911 8.19078e-19 0.0259423 0
1.88425 8.25708e-19 0.0270095 0
1.8995 8.32391e-19 0.0281206 0
1.91488 8.39129e-19 0.0292773 0
1.93038 8.45921e-19 0.0304817 0
1.94601 8.52768e-19 0.0317356 0
1.96176 8.59671e-19 0.0330411 0
1.97764 8.66629e-19 0.0344003 0
1.99365 8.73644e-19 0.0358154 0
2.00979 8.80716e-19 0.0372887 0
2.02606 8.87845e-19 0.0388226 0
2.04247 8.95031e-19 0.0404197 0
2.059 9.02276e-19 0.0420824 0
2.07567 9.0958e-19 0.0438135 0
2.09248 9.16942e-19 0.0456159 0
2.10942 9.24364e-19 0.0474923 0
2.12649 9.31847e-19 0.049446 0
2.14371 9.3939e-19 0.0514801 0
2.16106 9.46994e-19 0.0535978 0
2.17856 9.54659e-19 0.0558027 0
2.19619 9.62387e-19 0.0580982 0
2.21397 9.70177e-19 0.0604882 0
2.2319 9.7803e-19 0.0629765 0
2.24997 9.85947e-19 0.0655671 0
2.26818 9.93928e-19 0.0682644 0
2.28654 1.00197e-18 0.0710726 0
2.30506 1.01008e-18 0.0739963 0
2.32372 1.01826e-18 0.0770403 0
2.34253 1.0265e-18 0.0802095 0
2.36149 1.03481e-18 0.0835091 0
2.38061 1.04319e-18 0.0869444 0
2.39988 1.05163e-18 0.0905211 0
2.41931 1.06015e-18 0.0942449 0
2.4389 1.06873e-18 0.0981219 0
2.45864 1.07738e-18 0.102158 0
2.47855 1.0861e-18 0.106361 0
2.49861 1.09489e-18 0.110736 0
2.51884 1.10375e-18 0.115292 0
2.53923 1.11269e-18 0.120034 0
2.55979 1.1217e-18 0.124972 0
2.58051 1.13078e-18 0.130113 0
2.6014 1.13993e-18 0.135466 0
2.62246 1.14916e-18 0.141039 0
2.64369 1.15846e-18 0.146841 0
2.6651 1.16784e-18 0.152881 0
2.68667 1.17729e-18 0.159171 0
2.70842 1.18682e-18 0.165719 0
2.73035 1.19643e-18 0.172536 0
2.75245 1.20611e-18 0.179634 0
2.77474 1.21588e-18 0.187023 0
2.7972 1.22572e-18 0.194717 0
2.81984 1.23564e-18 0.202727 0
2.84267 1.24564e-18 0.211067 0
2.86569 1.25573e-18 0.21975 0
2.88889 1.26589e-18 0.22879 0
2.91227 1.27614e-18 0.238202 0
2.93585 1.28647e-18 0.248001 0
2.95962 1.29689e-18 0.258203 0
2.98358 1.30738e-18 0.268825 0
3.00773 1.31797e-18 0.279884 0
3.03208 1.32864e-18 0.291398 0
3.05663 1.33939e-18 0.303385 0
3.08137 1.35023e-18 0.315866 0
3.10632 1.36117e-18 0.32886 0
3.13147 1.37218e-18 0.342389 0
3.15682 1.38329e-18 0.356474 0
3.18238 1.39449e-18 0.371138 0
3.20814 1.40578e-18 0.386406 0
3.23411 1.41716e-18 0.402302 0
3.26029 1.42863e-18 0.418852 0
3.28669 1.4402e-18 0.436083 0
3.3133 1.45185e-18 0.454023 0
3.34012 1.46361e-18 0.4727 0
3.36716 1.47546e-18 0.492146 0
3.39442 1.4874e-18 0.512392 0
3.4219 1.49944e-18 0.533471 0
3.4496 1.51158e-18 0.555417 0
3.47753 1.52382e-18 0.578266 0
3.50568 1.53615e-18 0.602055 0
3.53406 1.54859e-18 0.626823 0
3.56267 1.56112e-18 0.652609 0
3.59151 1.57376e-18 0.679456 0
3.62059 1.5865e-18 0.707408 0
3.6499 1.59934e-18 0.736509 0
3.67945 1.61229e-18 0.766808 0
3.70924 1.62534e-18 0.798353 0
3.73927 1.6385e-18 0.831196 0
3.76954 1.65177e-18 0.86539 0
3.80006 1.66514e-18 0.900991 0
3.83082 1.67862e-18 0.938056 0
3.86183 1.69221e-18 0.976647 0
3.8931 1.7059e-18 1.01682 0
3.92461 1.71971e-18 1.05865 0
3.95639 1.73364e-18 1.10221 0
3.98842 1.74767e-18 1.14755 0
4.0207 1.76182e-18 1.19476 0
4.05325 1.77608e-18 1.24391 0
4.08607 1.79046e-18 1.29508 0
4.11915 1.80495e-18 1.34836 0
4.1525 1.81957e-18 1.40383 0
4.18611 1.8343e-18 1.46158 0
4.22 1.84914e-18 1.52171 0
4.25417 1.86411e-18 1.58431 0
4.28861 1.8792e-18 1.64948 0
4.32333 1.89442e-18 1.71734 0
4.35833 1.90975e-18 1.78799 0
4.39361 1.92521e-18 1.86154 0
4.42918 1.9408e-18 1.93813 0
4.46504 1.95651e-18 2.01786 0
4.50118 1.97235e-18 2.10087 0
4.53762 1.98832e-18 2.1873 0
4.57436 2.00441e-18 2.27728 0
4.61139 2.02064e-18 2.37096 0
4.64872 2.037e-18 2.4685 0
4.68636 2.05349e-18 2.57005 0
4.7243 2.07011e-18 2.67578 0
4.76254 2.08687e-18 2.78586 0
4.8011 2.10376e-18 2.90046 0
4.83997 2.1208e-18 3.01978 0
4.87915 2.13796e-18 3.14401 0
4.91865 2.15527e-18 3.27335 0
4.95847 2.17272e-18 3.40802 0
4.99861 2.19031e-18 3.54822 0
5.03908 2.20804e-18 3.69419 0
5.07987 2.22592e-18 3.84616 0
5.121 2.24394e-18 4.00439 0
5.16246 2.2621e-18 4.16912 0
5.20425 2.28041e-18 4.34063 0
5.24638 2.29888e-18 4.5192 0
5.28886 2.31749e-18 4.70512 0
5.33167 2.33625e-18 4.89868 0
5.37484 2.35516e-18 5.1002 0
5.41835 2.37423e-18 5.31002 0
5.46221 2.39345e-18 5.52847 0
5.50643 2.41282e-18 5.7559 0
5.55101 2.43236e-18 5.99269 0
5.59595 2.45205e-18 6.23922 0
5.64125 2.4719e-18 6.4959 0
5.68692 2.49191e-18 6.76313 0
5.73296 2.51208e-18 7.04136 0
5.77938 2.53242e-18 7.33103 0
5.82616 2.55292e-18 7.63262 0
5.87333 2.57359e-18 7.94662 0
5.92088 2.59442e-18 8.27353 0
5.96881 2.61543e-18 8.61389 0
6.01713 2.6366e-18 8.96826 0
6.06585 2.65794e-18 9.3372 0
6.11495 2.67946e-18 9.72133 0
6.16446 2.70115e-18 10.1212 0
6.21436 2.72302e-18 10.5376 0
6.26467 2.74506e-18 10.9711 0
6.31539 2.76729e-18 11.4225 0
6.36652 2.78969e-18 11.8924 0
6.41806 2.81227e-18 12.3816 0
6.47002 2.83504e-18 12.891 0
6.5224 2.85799e-18 13.4213 0
6.5752 2.88113e-18 13.9734 0
6.62843 2.90445e-18 14.5483 0
6.68209 2.92797e-18 15.1468 0
6.73619 2.95167e-18 15.7699 0
6.79072 2.97557e-18 16.4187 0
6.8457 2.99965e-18 17.0941 0
6.90112 3.02394e-18 17.7973 0
6.95699 3.04842e-18 18.5295 0
7.01331 3.0731e-18 19.2918 0
7.07009 3.09798e-18 20.0854 0
7.12732 3.12306e-18 20.9117 0
7.18502 3.14834e-18 21.772 0
7.24319 3.17383e-18 22.6677 0
7.30183 3.19952e-18 23.6002 0
7.36094 3.22542e-18 24.5711 0
7.42053 3.25153e-18 25.5819 0
7.48061 3.27786e-18 26.6343 0
7.54117 3.30439e-18 27.73 0
7.60222 3.33114e-18 28.8708 0
7.66377 3.35811e-18 30.0585 0
7.72581 3.3853e-18 31.2951 0
7.78835 3.4127e-18 32.5826 0
7.85141 3.44033e-18 33.923 0
7.91497 3.46818e-18 35.3185 0
7.97905 3.49626e-18 36.7715 0
8.04364 3.52456e-18 38.2842 0
8.10876 3.5531e-18 39.8592 0
8.17441 3.58186e-18 41.499 0
8.24058 3.61086e-18 43.2062 0
8.3073 3.64009e-18 44.9837 0
8.37455 3.66956e-18 46.8342 0
8.44235 3.69927e-18 48.761 0
8.51069 3.72922e-18 50.7669 0
8.57959 3.75941e-18 52.8554 0
8.64905 3.78984e-18 55.0298 0
8.71907 3.82052e-18 57.2937 0
8.78966 3.85145e-18 59.6507 0
8.86082 3.88263e-18 62.1047 0
8.93255 3.91406e-18 64.6596 0
9.00487 3.94575e-18 67.3196 0
9.07777 3.97769e-18 70.0891 0
9.15126 4.00989e-18 72.9725 0
9.22534 4.04236e-18 75.9745 0
9.30003 4.07508e-18 79.1 0
9.37532 4.10807e-18 82.3541 0
9.45122 4.14133e-18 85.7421 0
9.52773 4.17486e-18 89.2694 0
9.60486 4.20866e-18 92.9419 0
9.68262 4.24273e-18 96.7654 0
9.76101 4.27707e-18 100.746 0
9.84003 4.3117e-18 104.891 0
9.91969 4.34661e-18 109.206 0
10 4.38179e-18 113.699 0
