2.077105e-03 3.475768e-20 1.356491e-11 1.736109e-13
4.175190e-03 1.062969e-20 1.030411e-11 1.265407e-13
6.273276e-03 7.442150e-21 1.713248e-11 1.695627e-13
8.371361e-03 6.806856e-21 3.405820e-11 2.645396e-13
1.046945e-02 6.805864e-21 6.660059e-11 4.164736e-13
1.256753e-02 6.892596e-21 1.181561e-10 6.406196e-13
1.466562e-02 6.898674e-21 1.880930e-10 9.577189e-13
1.676370e-02 6.835594e-21 2.758053e-10 1.393027e-12
1.886179e-02 7.160610e-21 4.311108e-10 1.974625e-12
2.095987e-02 7.255005e-21 6.072699e-10 2.734780e-12
2.305796e-02 7.584383e-21 8.835751e-10 3.711124e-12
2.515605e-02 7.803387e-21 1.214601e-09 4.946396e-12
2.725413e-02 8.079199e-21 1.655670e-09 6.481120e-12
2.935222e-02 8.277428e-21 2.170970e-09 8.350252e-12
3.145030e-02 8.571699e-21 2.863839e-09 1.063269e-11
3.354839e-02 9.047058e-21 3.872309e-09 1.334303e-11
3.564647e-02 9.668511e-21 5.305291e-09 1.659954e-11
3.774456e-02 1.010532e-20 6.880240e-09 2.039445e-11
3.984264e-02 1.071135e-20 9.092286e-09 2.485240e-11
4.194073e-02 1.117144e-20 1.153631e-08 3.004923e-11
4.403881e-02 1.213718e-20 1.576460e-08 3.599747e-11
4.613690e-02 1.294331e-20 2.061466e-08 4.278680e-11
4.823499e-02 1.359950e-20 2.600593e-08 5.066430e-11
5.033307e-02 1.478098e-20 3.490657e-08 5.956195e-11
5.243116e-02 1.608246e-20 4.671042e-08 6.956098e-11
5.452924e-02 1.772027e-20 6.379247e-08 8.074540e-11
5.662733e-02 1.864458e-20 7.909042e-08 9.342766e-11
5.872541e-02 2.025982e-20 1.041573e-07 1.076702e-10
6.082350e-02 2.244260e-20 1.420041e-07 1.234674e-10
6.292158e-02 2.368499e-20 1.750998e-07 1.409264e-10
6.501967e-02 2.502009e-20 2.156017e-07 1.601579e-10
6.711776e-02 2.664400e-20 2.689375e-07 1.812758e-10
6.921584e-02 2.687723e-20 3.001414e-07 2.049298e-10
7.131393e-02 2.697017e-20 3.305451e-07 2.309300e-10
7.341201e-02 2.691828e-20 3.592001e-07 2.593293e-10
7.551010e-02 2.709733e-20 3.961032e-07 2.902707e-10
7.760818e-02 2.553956e-20 3.820231e-07 3.239016e-10
7.970627e-02 2.513897e-20 4.009708e-07 3.603736e-10
8.180435e-02 2.427418e-20 4.041649e-07 3.998423e-10
8.390244e-02 2.293533e-20 3.892909e-07 4.430265e-10
8.600052e-02 2.233333e-20 3.975123e-07 4.902397e-10
8.809861e-02 2.156882e-20 3.985661e-07 5.411617e-10
9.019670e-02 2.113993e-20 4.108841e-07 5.959852e-10
9.229478e-02 2.050698e-20 4.142620e-07 6.549079e-10
9.439287e-02 1.991228e-20 4.178302e-07 7.181324e-10
9.649095e-02 1.972484e-20 4.379524e-07 7.858668e-10
9.858904e-02 1.923383e-20 4.441789e-07 8.583241e-10
1.006871e-01 1.898561e-20 4.610108e-07 9.357225e-10
1.027852e-01 1.895014e-20 4.886040e-07 1.019248e-09
1.048833e-01 1.927760e-20 5.372359e-07 1.109527e-09
1.069814e-01 1.919455e-20 5.652243e-07 1.205773e-09
1.090795e-01 1.932887e-20 6.075503e-07 1.308253e-09
1.111776e-01 1.974147e-20 6.710435e-07 1.417239e-09
1.132756e-01 1.982553e-20 7.158126e-07 1.533008e-09
1.153737e-01 2.066570e-20 8.217910e-07 1.655847e-09
1.174718e-01 2.076303e-20 8.756344e-07 1.786046e-09
1.195699e-01 2.151163e-20 9.911803e-07 1.923902e-09
1.216680e-01 2.207068e-20 1.099261e-06 2.069720e-09
1.237661e-01 2.283969e-20 1.239154e-06 2.223811e-09
1.258641e-01 2.388677e-20 1.425480e-06 2.389301e-09
1.279622e-01 2.456128e-20 1.583754e-06 2.565334e-09
1.300603e-01 2.566048e-20 1.815116e-06 2.751153e-09
1.321584e-01 2.679528e-20 2.076545e-06 2.947132e-09
1.342565e-01 2.776002e-20 2.336608e-06 3.153652e-09
1.363546e-01 2.935074e-20 2.736450e-06 3.371101e-09
1.384527e-01 3.041545e-20 3.076329e-06 3.599877e-09
1.405507e-01 3.205035e-20 3.573594e-06 3.840384e-09
1.426488e-01 3.354972e-20 4.093763e-06 4.093034e-09
1.447469e-01 3.461680e-20 4.553467e-06 4.358250e-09
1.468450e-01 3.490820e-20 4.834735e-06 4.636460e-09
1.489431e-01 3.648655e-20 5.511464e-06 4.928101e-09
1.510412e-01 3.695894e-20 5.897465e-06 5.236098e-09
1.531393e-01 3.696915e-20 6.150054e-06 5.563767e-09
1.552373e-01 3.671768e-20 6.319451e-06 5.907061e-09
1.573354e-01 3.613264e-20 6.371171e-06 6.266498e-09
1.594335e-01 3.568334e-20 6.465621e-06 6.642606e-09
1.615316e-01 3.591015e-20 6.810002e-06 7.035925e-09
1.636297e-01 3.508999e-20 6.759166e-06 7.447001e-09
1.657278e-01 3.408348e-20 6.625429e-06 7.876395e-09
1.678259e-01 3.379652e-20 6.764892e-06 8.324674e-09
1.699239e-01 3.311024e-20 6.739516e-06 8.792418e-09
1.720220e-01 3.284840e-20 6.882102e-06 9.280216e-09
1.741201e-01 3.248615e-20 6.980452e-06 9.788666e-09
1.762182e-01 3.198399e-20 7.013873e-06 1.031838e-08
1.783163e-01 3.202153e-20 7.284464e-06 1.086998e-08
1.804144e-01 3.215941e-20 7.609742e-06 1.145211e-08
1.825125e-01 3.215366e-20 7.875512e-06 1.206374e-08
1.846105e-01 3.182660e-20 7.985285e-06 1.270047e-08
1.867086e-01 3.210253e-20 8.404503e-06 1.336304e-08
1.888067e-01 3.277878e-20 9.061041e-06 1.405219e-08
1.909048e-01 3.361880e-20 9.852699e-06 1.476867e-08
1.930029e-01 3.381602e-20 1.030093e-05 1.551324e-08
1.951010e-01 3.491934e-20 1.134621e-05 1.628670e-08
1.971991e-01 3.578312e-20 1.230300e-05 1.708981e-08
1.992971e-01 3.699058e-20 1.357144e-05 1.792340e-08
2.013952e-01 3.890346e-20 1.549046e-05 1.878827e-08
2.034933e-01 3.976266e-20 1.669328e-05 1.968526e-08
2.055914e-01 4.139800e-20 1.866010e-05 2.061521e-08
2.076895e-01 4.281646e-20 2.057810e-05 2.157898e-08
2.097876e-01 4.439238e-20 2.279798e-05 2.257743e-08
2.118857e-01 4.663355e-20 2.592042e-05 2.362951e-08
2.139837e-01 4.823833e-20 2.856717e-05 2.472516e-08
2.160818e-01 5.041750e-20 3.213347e-05 2.586017e-08
2.181799e-01 5.213358e-20 3.536875e-05 2.703556e-08
2.202780e-01 5.321735e-20 3.792801e-05 2.825236e-08
2.223761e-01 5.513422e-20 4.188388e-05 2.951159e-08
2.244742e-01 5.544066e-20 4.356083e-05 3.081434e-08
2.265723e-01 5.660269e-20 4.669115e-05 3.216166e-08
2.286703e-01 5.731299e-20 4.921257e-05 3.355465e-08
2.307684e-01 5.615576e-20 4.855770e-05 3.499443e-08
2.328665e-01 5.536824e-20 4.850460e-05 3.648210e-08
2.349646e-01 5.452087e-20 4.831402e-05 3.801882e-08
2.370627e-01 5.327780e-20 4.738299e-05 3.960575e-08
2.391608e-01 5.203402e-20 4.640714e-05 4.124404e-08
2.412589e-01 5.063998e-20 4.512084e-05 4.293490e-08
2.433569e-01 5.078446e-20 4.657289e-05 4.468518e-08
2.454550e-01 4.884059e-20 4.419956e-05 4.652496e-08
2.475531e-01 5.001844e-20 4.755604e-05 4.842385e-08
2.496512e-01 4.771820e-20 4.439247e-05 5.038324e-08
2.517493e-01 4.740428e-20 4.492418e-05 5.240451e-08
2.538474e-01 4.722941e-20 4.571759e-05 5.448908e-08
2.559454e-01 4.750891e-20 4.741685e-05 5.663838e-08
2.580435e-01 4.662289e-20 4.679696e-05 5.885386e-08
2.601416e-01 4.598630e-20 4.664732e-05 6.113701e-08
2.622397e-01 4.666983e-20 4.921620e-05 6.348932e-08
2.643378e-01 4.678350e-20 5.065281e-05 6.591230e-08
2.664359e-01 4.721431e-20 5.282820e-05 6.840749e-08
2.685340e-01 4.888445e-20 5.798017e-05 7.097645e-08
2.706320e-01 4.967404e-20 6.128258e-05 7.362076e-08
2.727301e-01 5.113696e-20 6.646753e-05 7.634202e-08
2.748282e-01 5.210420e-20 7.061058e-05 7.914184e-08
2.769263e-01 5.411692e-20 7.792900e-05 8.202305e-08
2.790244e-01 5.605550e-20 8.552701e-05 8.504918e-08
2.811225e-01 5.774545e-20 9.282450e-05 8.816302e-08
2.832206e-01 5.844310e-20 9.722572e-05 9.136643e-08
2.853186e-01 6.168704e-20 1.107436e-04 9.466130e-08
2.874167e-01 6.408584e-20 1.221801e-04 9.804954e-08
2.895148e-01 6.620108e-20 1.332548e-04 1.015331e-07
2.916129e-01 6.827187e-20 1.448252e-04 1.051139e-07
2.937110e-01 7.079530e-20 1.591145e-04 1.087939e-07
2.958091e-01 7.102233e-20 1.635930e-04 1.125752e-07
2.979072e-01 7.400409e-20 1.814239e-04 1.164599e-07
3.000052e-01 8.669881e-20 2.543040e-04 1.204498e-07
3.021033e-01 7.280169e-20 1.831006e-04 1.245473e-07
3.042014e-01 7.366056e-20 1.913789e-04 1.287543e-07
3.062995e-01 7.272560e-20 1.904381e-04 1.330730e-07
3.083976e-01 7.159070e-20 1.883591e-04 1.375056e-07
3.104957e-01 7.033811e-20 1.855617e-04 1.420543e-07
3.125938e-01 6.853004e-20 1.797393e-04 1.467857e-07
3.146918e-01 6.813788e-20 1.812901e-04 1.516768e-07
3.167899e-01 6.539075e-20 1.703284e-04 1.566967e-07
3.188880e-01 6.506314e-20 1.719986e-04 1.618480e-07
3.209861e-01 6.317281e-20 1.653710e-04 1.671332e-07
3.230842e-01 6.183673e-20 1.615773e-04 1.725548e-07
3.251823e-01 6.110526e-20 1.608711e-04 1.781155e-07
3.272804e-01 6.094055e-20 1.631221e-04 1.838179e-07
3.293784e-01 6.031878e-20 1.629037e-04 1.896647e-07
3.314765e-01 5.901907e-20 1.589584e-04 1.956585e-07
3.335746e-01 6.025827e-20 1.688700e-04 2.018022e-07
3.356727e-01 5.990684e-20 1.700753e-04 2.080984e-07
3.377708e-01 5.958162e-20 1.714081e-04 2.145499e-07
3.398689e-01 6.081250e-20 1.819115e-04 2.211597e-07
3.419670e-01 6.079746e-20 1.852097e-04 2.279305e-07
3.440650e-01 6.222178e-20 1.975817e-04 2.348653e-07
3.461631e-01 6.351486e-20 2.096686e-04 2.420091e-07
3.482612e-01 6.548222e-20 2.269355e-04 2.494326e-07
3.503593e-01 6.688674e-20 2.410801e-04 2.570372e-07
3.524574e-01 6.955324e-20 2.653963e-04 2.648261e-07
3.545555e-01 7.131537e-20 2.840267e-04 2.728027e-07
3.566536e-01 7.365279e-20 3.083603e-04 2.809704e-07
3.587516e-01 7.647113e-20 3.383117e-04 2.893325e-07
3.608497e-01 7.953824e-20 3.724530e-04 2.978925e-07
3.629478e-01 8.316051e-20 4.142926e-04 3.066540e-07
3.650459e-01 8.457854e-20 4.360167e-04 3.156204e-07
3.671440e-01 8.756371e-20 4.754423e-04 3.247953e-07
3.692421e-01 9.161896e-20 5.294739e-04 3.341824e-07
3.713402e-01 9.175768e-20 5.401830e-04 3.437853e-07
3.734382e-01 9.391519e-20 5.755305e-04 3.536076e-07
3.755363e-01 9.523856e-20 6.018965e-04 3.636532e-07
3.776344e-01 9.501944e-20 6.092281e-04 3.739259e-07
3.797325e-01 9.290701e-20 5.922029e-04 3.844596e-07
3.818306e-01 9.331998e-20 6.074377e-04 3.954165e-07
3.839287e-01 9.144419e-20 5.929310e-04 4.066230e-07
3.860268e-01 9.046722e-20 5.898954e-04 4.180834e-07
3.881248e-01 8.766979e-20 5.630599e-04 4.298020e-07
3.902229e-01 8.686705e-20 5.618091e-04 4.417833e-07
3.923210e-01 8.366629e-20 5.296220e-04 4.540316e-07
3.944191e-01 8.072894e-20 5.010403e-04 4.665515e-07
3.965172e-01 7.986668e-20 4.982618e-04 4.793474e-07
3.986153e-01 7.811568e-20 4.842599e-04 4.924239e-07
4.007133e-01 7.761122e-20 4.856136e-04 5.057857e-07
4.028114e-01 7.516965e-20 4.627333e-04 5.194375e-07
4.049095e-01 7.546935e-20 4.737569e-04 5.333839e-07
4.070076e-01 7.395921e-20 4.620962e-04 5.476297e-07
4.091057e-01 7.460336e-20 4.774894e-04 5.621799e-07
4.112038e-01 7.470952e-20 4.862543e-04 5.770392e-07
4.133019e-01 7.399236e-20 4.843019e-04 5.923359e-07
4.153999e-01 7.555761e-20 5.127387e-04 6.081396e-07
4.174980e-01 7.681131e-20 5.379649e-04 6.242821e-07
4.195961e-01 7.734069e-20 5.536698e-04 6.407689e-07
4.216942e-01 7.897030e-20 5.859503e-04 6.576056e-07
4.237923e-01 8.230772e-20 6.460715e-04 6.747978e-07
4.258904e-01 8.376845e-20 6.791955e-04 6.923513e-07
4.279885e-01 8.596662e-20 7.259324e-04 7.102717e-07
4.300865e-01 8.878494e-20 7.857538e-04 7.285649e-07
4.321846e-01 9.078784e-20 8.336882e-04 7.472368e-07
4.342827e-01 9.451718e-20 9.168103e-04 7.662933e-07
4.363808e-01 9.783233e-20 9.965567e-04 7.857405e-07
4.384789e-01 1.016043e-19 1.090462e-03 8.055843e-07
4.405770e-01 1.034259e-19 1.146210e-03 8.258309e-07
4.426751e-01 1.090025e-19 1.291423e-03 8.464866e-07
4.447731e-01 1.102909e-19 1.341021e-03 8.676591e-07
4.468712e-01 1.113302e-19 1.385841e-03 8.895728e-07
4.489693e-01 1.159462e-19 1.524416e-03 9.119333e-07
4.510674e-01 1.133620e-19 1.477747e-03 9.347478e-07
4.531655e-01 1.134993e-19 1.502094e-03 9.580231e-07
4.552636e-01 1.139924e-19 1.536316e-03 9.817664e-07
4.573617e-01 1.100719e-19 1.452354e-03 1.005985e-06
4.594597e-01 1.069535e-19 1.390185e-03 1.030686e-06
4.615578e-01 1.079018e-19 1.434418e-03 1.055877e-06
4.636559e-01 1.040906e-19 1.353165e-03 1.081565e-06
4.657540e-01 1.027335e-19 1.336085e-03 1.107758e-06
4.678521e-01 9.910604e-20 1.260278e-03 1.134463e-06
4.699502e-01 9.603343e-20 1.199335e-03 1.161688e-06
4.720483e-01 9.601453e-20 1.214992e-03 1.189440e-06
4.741463e-01 9.506760e-20 1.207098e-03 1.217729e-06
4.762444e-01 9.165670e-20 1.136995e-03 1.246990e-06
4.783425e-01 9.003760e-20 1.111745e-03 1.276945e-06
4.804406e-01 8.934696e-20 1.109223e-03 1.307483e-06
4.825387e-01 8.911465e-20 1.117982e-03 1.338613e-06
4.846368e-01 8.927819e-20 1.136790e-03 1.370345e-06
4.867349e-01 8.976791e-20 1.164287e-03 1.402687e-06
4.888329e-01 9.028650e-20 1.193074e-03 1.435648e-06
4.909310e-01 9.136146e-20 1.237450e-03 1.469238e-06
4.930291e-01 9.163252e-20 1.260832e-03 1.503465e-06
4.951272e-01 9.370925e-20 1.335536e-03 1.538340e-06
4.972253e-01 9.305156e-20 1.333666e-03 1.573870e-06
4.993234e-01 9.601595e-20 1.438046e-03 1.610066e-06
5.014215e-01 1.014172e-19 1.624696e-03 1.646938e-06
5.035195e-01 1.043905e-19 1.743057e-03 1.684562e-06
5.056176e-01 1.059152e-19 1.816870e-03 1.723532e-06
5.077157e-01 1.095177e-19 1.966846e-03 1.763237e-06
5.098138e-01 1.116624e-19 2.070089e-03 1.803686e-06
5.119119e-01 1.167965e-19 2.292902e-03 1.844892e-06
5.140100e-01 1.205747e-19 2.473815e-03 1.886865e-06
5.161081e-01 1.244711e-19 2.668697e-03 1.929615e-06
5.182061e-01 1.262625e-19 2.779691e-03 1.973156e-06
5.203042e-01 1.306722e-19 3.013553e-03 2.017496e-06
5.224023e-01 1.328155e-19 3.151033e-03 2.062649e-06
5.245004e-01 1.326018e-19 3.178897e-03 2.108625e-06
5.265985e-01 1.331979e-19 3.246188e-03 2.155436e-06
5.286966e-01 1.343178e-19 3.340620e-03 2.203094e-06
5.307946e-01 1.335096e-19 3.339986e-03 2.251823e-06
5.328927e-01 1.279513e-19 3.104195e-03 2.302123e-06
5.349908e-01 1.293746e-19 3.211276e-03 2.353343e-06
5.370889e-01 1.266834e-19 3.115431e-03 2.405494e-06
5.391870e-01 1.211838e-19 2.884349e-03 2.458591e-06
5.412851e-01 1.193879e-19 2.832299e-03 2.512648e-06
5.433832e-01 1.156453e-19 2.688528e-03 2.567676e-06
5.454812e-01 1.156632e-19 2.720633e-03 2.623691e-06
5.475793e-01 1.104401e-19 2.509197e-03 2.680706e-06
5.496774e-01 1.069721e-19 2.381252e-03 2.738734e-06
5.517755e-01 1.056076e-19 2.347565e-03 2.797791e-06
5.538736e-01 1.068798e-19 2.432001e-03 2.857889e-06
5.559717e-01 1.059318e-19 2.416302e-03 2.919296e-06
5.580698e-01 1.059220e-19 2.443307e-03 2.982651e-06
5.601678e-01 1.059487e-19 2.472214e-03 3.047134e-06
5.622659e-01 1.049576e-19 2.453542e-03 3.112763e-06
5.643640e-01 1.067150e-19 2.564894e-03 3.179553e-06
5.664621e-01 1.068818e-19 2.601718e-03 3.247520e-06
5.685602e-01 1.062898e-19 2.601675e-03 3.316681e-06
5.706583e-01 1.104683e-19 2.841476e-03 3.387052e-06
5.727564e-01 1.126265e-19 2.986287e-03 3.458649e-06
5.748544e-01 1.155882e-19 3.180100e-03 3.531490e-06
5.769525e-01 1.211007e-19 3.529020e-03 3.605591e-06
5.790506e-01 1.212066e-19 3.573903e-03 3.681044e-06
5.811487e-01 1.249338e-19 3.838503e-03 3.759078e-06
5.832468e-01 1.286233e-19 4.112793e-03 3.838476e-06
5.853449e-01 1.361901e-19 4.660867e-03 3.919257e-06
5.874430e-01 1.401363e-19 4.988142e-03 4.001439e-06
5.895410e-01 1.436693e-19 5.299204e-03 4.085043e-06
5.916391e-01 1.487860e-19 5.744273e-03 4.170087e-06
5.937372e-01 1.518840e-19 6.049885e-03 4.256591e-06
5.958353e-01 1.555940e-19 6.416598e-03 4.344575e-06
5.979334e-01 1.587511e-19 6.750441e-03 4.434058e-06
6.000315e-01 1.884528e-19 9.613194e-03 4.525062e-06
6.021296e-01 1.605081e-19 7.046993e-03 4.618721e-06
6.042276e-01 1.622562e-19 7.276871e-03 4.714487e-06
6.063257e-01 1.590051e-19 7.061229e-03 4.811898e-06
6.084238e-01 1.569689e-19 6.953224e-03 4.910974e-06
6.105219e-01 1.541963e-19 6.779411e-03 5.011738e-06
6.126200e-01 1.462906e-19 6.165190e-03 5.114213e-06
6.147181e-01 1.449612e-19 6.116058e-03 5.218423e-06
6.168162e-01 1.433151e-19 6.039365e-03 5.324390e-06
6.189142e-01 1.389576e-19 5.735828e-03 5.432138e-06
6.210123e-01 1.358184e-19 5.535520e-03 5.541870e-06
6.231104e-01 1.351772e-19 5.539137e-03 5.655162e-06
6.252085e-01 1.337582e-19 5.478425e-03 5.770377e-06
6.273066e-01 1.310411e-19 5.311226e-03 5.887543e-06
6.294047e-01 1.295353e-19 5.242116e-03 6.006683e-06
6.315028e-01 1.275537e-19 5.133958e-03 6.127827e-06
6.336008e-01 1.290268e-19 5.305756e-03 6.250999e-06
6.356989e-01 1.263242e-19 5.136508e-03 6.376228e-06
6.377970e-01 1.288343e-19 5.395735e-03 6.503541e-06
6.398951e-01 1.292344e-19 5.483061e-03 6.633438e-06
6.419932e-01 1.292704e-19 5.540252e-03 6.767225e-06
6.440913e-01 1.317930e-19 5.815235e-03 6.903261e-06
6.461894e-01 1.374426e-19 6.386496e-03 7.041576e-06
6.482874e-01 1.386291e-19 6.560730e-03 7.182200e-06
6.503855e-01 1.444995e-19 7.197563e-03 7.325165e-06
6.524836e-01 1.463488e-19 7.454658e-03 7.470501e-06
6.545817e-01 1.535425e-19 8.284932e-03 7.618240e-06
6.566798e-01 1.550787e-19 8.533074e-03 7.768429e-06
6.587779e-01 1.621963e-19 9.424090e-03 7.923597e-06
6.608760e-01 1.688803e-19 1.031474e-02 8.081357e-06
6.629740e-01 1.756638e-19 1.126664e-02 8.241742e-06
6.650721e-01 1.787552e-19 1.177779e-02 8.404789e-06
6.671702e-01 1.854516e-19 1.279710e-02 8.570532e-06
6.692683e-01 1.870330e-19 1.313946e-02 8.739008e-06
6.713664e-01 1.921009e-19 1.399194e-02 8.910253e-06
6.734645e-01 1.960207e-19 1.470578e-02 9.085460e-06
6.755625e-01 1.960687e-19 1.485093e-02 9.265257e-06
6.776606e-01 1.941402e-19 1.469630e-02 9.448039e-06
6.797587e-01 1.966566e-19 1.522024e-02 9.633844e-06
6.818568e-01 1.964009e-19 1.532170e-02 9.822713e-06
6.839549e-01 1.914297e-19 1.469066e-02 1.001469e-05
6.860530e-01 1.833835e-19 1.360611e-02 1.020981e-05
6.881511e-01 1.789173e-19 1.307063e-02 1.040930e-05
6.902491e-01 1.729986e-19 1.233227e-02 1.061410e-05
6.923472e-01 1.726908e-19 1.240083e-02 1.082228e-05
6.944453e-01 1.636166e-19 1.123335e-02 1.103390e-05
6.965434e-01 1.621658e-19 1.113534e-02 1.124900e-05
6.986415e-01 1.591260e-19 1.081896e-02 1.146763e-05
7.007396e-01 1.592213e-19 1.092981e-02 1.168983e-05
7.028377e-01 1.547910e-19 1.042310e-02 1.191868e-05
7.049357e-01 1.521497e-19 1.016087e-02 1.215186e-05
7.070338e-01 1.513300e-19 1.014170e-02 1.238888e-05
7.091319e-01 1.503234e-19 1.009658e-02 1.262980e-05
7.112300e-01 1.506303e-19 1.022810e-02 1.287467e-05
7.133281e-01 1.529908e-19 1.064484e-02 1.312355e-05
7.154262e-01 1.536737e-19 1.083513e-02 1.337963e-05
7.175243e-01 1.540141e-19 1.097921e-02 1.364073e-05
7.196223e-01 1.568595e-19 1.148883e-02 1.390615e-05
7.217204e-01 1.605901e-19 1.214745e-02 1.417593e-05
7.238185e-01 1.633848e-19 1.268390e-02 1.445014e-05
7.259166e-01 1.656187e-19 1.314677e-02 1.472960e-05
7.280147e-01 1.763505e-19 1.503536e-02 1.501719e-05
7.301128e-01 1.763646e-19 1.516816e-02 1.530955e-05
7.322109e-01 1.804712e-19 1.602009e-02 1.560674e-05
7.343089e-01 1.872274e-19 1.739064e-02 1.590882e-05
7.364070e-01 1.935001e-19 1.873513e-02 1.621586e-05
7.385051e-01 2.035414e-19 2.090770e-02 1.653237e-05
7.406032e-01 2.085026e-19 2.212686e-02 1.685440e-05
7.427013e-01 2.160075e-19 2.395082e-02 1.718176e-05
7.447994e-01 2.225669e-19 2.564363e-02 1.751453e-05
7.468975e-01 2.216551e-19 2.564949e-02 1.785313e-05
7.489955e-01 2.186379e-19 2.516684e-02 1.820205e-05
7.510936e-01 2.270763e-19 2.737577e-02 1.855678e-05
7.531917e-01 2.232715e-19 2.668845e-02 1.891741e-05
7.552898e-01 2.195788e-19 2.602927e-02 1.928402e-05
7.573879e-01 2.148662e-19 2.513227e-02 1.965951e-05
7.594860e-01 2.035175e-19 2.273542e-02 2.004392e-05
7.615841e-01 2.025634e-19 2.270993e-02 2.043474e-05
7.636821e-01 1.987587e-19 2.204603e-02 2.083209e-05
7.657802e-01 1.945507e-19 2.129700e-02 2.123760e-05
7.678783e-01 1.873363e-19 1.990954e-02 2.165419e-05
7.699764e-01 1.823042e-19 1.900928e-02 2.207779e-05
7.720745e-01 1.742429e-19 1.750765e-02 2.250848e-05
7.741726e-01 1.705895e-19 1.691837e-02 2.294820e-05
7.762707e-01 1.718084e-19 1.730090e-02 2.339976e-05
7.783687e-01 1.688629e-19 1.684864e-02 2.385895e-05
7.804668e-01 1.686392e-19 1.694028e-02 2.432588e-05
7.825649e-01 1.641605e-19 1.618224e-02 2.480443e-05
7.846630e-01 1.653591e-19 1.655184e-02 2.529401e-05
7.867611e-01 1.633304e-19 1.627807e-02 2.579191e-05
7.888592e-01 1.680688e-19 1.737453e-02 2.629874e-05
7.909573e-01 1.673712e-19 1.736845e-02 2.682077e-05
7.930553e-01 1.709494e-19 1.826358e-02 2.735173e-05
7.951534e-01 1.720053e-19 1.863703e-02 2.789175e-05
7.972515e-01 1.778433e-19 2.008175e-02 2.844689e-05
7.993496e-01 1.784936e-19 2.038900e-02 2.901318e-05
8.014477e-01 1.825128e-19 2.148584e-02 2.958922e-05
8.035458e-01 1.910528e-19 2.372896e-02 3.018068e-05
8.056438e-01 1.947177e-19 2.484164e-02 3.078477e-05
8.077419e-01 1.966148e-19 2.552647e-02 3.139933e-05
8.098400e-01 2.020730e-19 2.717407e-02 3.203113e-05
8.119381e-01 2.105433e-19 2.972981e-02 3.267568e-05
8.140362e-01 2.180432e-19 3.213338e-02 3.333199e-05
8.161343e-01 2.280384e-19 3.541941e-02 3.400798e-05
8.182324e-01 2.283176e-19 3.578072e-02 3.469590e-05
8.203304e-01 2.332470e-19 3.763040e-02 3.540020e-05
8.224285e-01 2.393274e-19 3.992268e-02 3.612181e-05
8.245266e-01 2.374930e-19 3.961468e-02 3.685623e-05
8.266247e-01 2.442941e-19 4.223686e-02 3.760366e-05
8.287228e-01 2.413410e-19 4.153656e-02 3.836430e-05
8.308209e-01 2.381450e-19 4.075166e-02 3.913834e-05
8.329190e-01 2.346820e-19 3.987570e-02 3.992599e-05
8.350170e-01 2.338645e-19 3.989834e-02 4.072744e-05
8.371151e-01 2.286793e-19 3.843702e-02 4.154291e-05
8.392132e-01 2.200976e-19 3.587466e-02 4.237261e-05
8.413113e-01 2.171264e-19 3.517515e-02 4.321675e-05
8.434094e-01 2.117954e-19 3.372008e-02 4.407553e-05
8.455075e-01 2.025292e-19 3.106475e-02 4.494918e-05
8.476056e-01 1.995831e-19 3.039270e-02 4.583792e-05
8.497036e-01 1.980059e-19 3.013694e-02 4.674197e-05
8.518017e-01 1.954446e-19 2.958034e-02 4.766156e-05
8.538998e-01 1.922619e-19 2.883682e-02 4.859691e-05
8.559979e-01 1.941715e-19 2.962985e-02 4.954824e-05
8.580960e-01 1.891122e-19 2.831308e-02 5.051581e-05
8.601941e-01 1.883750e-19 2.829933e-02 5.149984e-05
8.622922e-01 1.910871e-19 2.933365e-02 5.250057e-05
8.643902e-01 1.921053e-19 2.986403e-02 5.351824e-05
8.664883e-01 1.905787e-19 2.960583e-02 5.455310e-05
8.685864e-01 1.953813e-19 3.134335e-02 5.560539e-05
8.706845e-01 2.003891e-19 3.321016e-02 5.667537e-05
8.727826e-01 2.010786e-19 3.368139e-02 5.776329e-05
8.748807e-01 2.073935e-19 3.608920e-02 5.886940e-05
8.769788e-01 2.106050e-19 3.748393e-02 5.999397e-05
8.790768e-01 2.167223e-19 3.997863e-02 6.113726e-05
8.811749e-01 2.200990e-19 4.153011e-02 6.229953e-05
8.832730e-01 2.278294e-19 4.481722e-02 6.348106e-05
8.853711e-01 2.361219e-19 4.848295e-02 6.468210e-05
8.874692e-01 2.413650e-19 5.102099e-02 6.590295e-05
8.895673e-01 2.524008e-19 5.618988e-02 6.714388e-05
8.916654e-01 2.603830e-19 6.022421e-02 6.840517e-05
8.937634e-01 2.647566e-19 6.270491e-02 6.968710e-05
8.958615e-01 2.674607e-19 6.444408e-02 7.098996e-05
8.979596e-01 2.720119e-19 6.712535e-02 7.231405e-05
9.000577e-01 3.346052e-19 1.022861e-01 7.365966e-05
9.021558e-01 2.788381e-19 7.153017e-02 7.502709e-05
9.042539e-01 2.725285e-19 6.880742e-02 7.641663e-05
9.063520e-01 2.749851e-19 7.054222e-02 7.782861e-05
9.084500e-01 2.701627e-19 6.856372e-02 7.926331e-05
9.105481e-01 2.645176e-19 6.618476e-02 8.072107e-05
9.126462e-01 2.587684e-19 6.377790e-02 8.220218e-05
9.147443e-01 2.596891e-19 6.467654e-02 8.370698e-05
9.168424e-01 2.472757e-19 5.904556e-02 8.523578e-05
9.189405e-01 2.387414e-19 5.541889e-02 8.678891e-05
9.210386e-01 2.363010e-19 5.466443e-02 8.836670e-05
9.231366e-01 2.345944e-19 5.424673e-02 8.996949e-05
9.252347e-01 2.244973e-19 5.001708e-02 9.159761e-05
9.273328e-01 2.272529e-19 5.160193e-02 9.325140e-05
9.294309e-01 2.214860e-19 4.934967e-02 9.493122e-05
9.315290e-01 2.226034e-19 5.018719e-02 9.663741e-05
9.336271e-01 2.203661e-19 4.951655e-02 9.837032e-05
9.357252e-01 2.206790e-19 4.999278e-02 1.001303e-04
9.378232e-01 2.227099e-19 5.126043e-02 1.019177e-04
9.399213e-01 2.207386e-19 5.069574e-02 1.037330e-04
9.420194e-01 2.270624e-19 5.400208e-02 1.055764e-04
9.441175e-01 2.312995e-19 5.641151e-02 1.074483e-04
9.462156e-01 2.322242e-19 5.724341e-02 1.093492e-04
9.483137e-01 2.385235e-19 6.079371e-02 1.112794e-04
9.504117e-01 2.453638e-19 6.475849e-02 1.132393e-04
9.525098e-01 2.525178e-19 6.904509e-02 1.152293e-04
9.546079e-01 2.574361e-19 7.223610e-02 1.172497e-04
9.567060e-01 2.659508e-19 7.760296e-02 1.193010e-04
9.588041e-01 2.686241e-19 7.969294e-02 1.213836e-04
9.609022e-01 2.808376e-19 8.767752e-02 1.234979e-04
9.630003e-01 2.882254e-19 9.295742e-02 1.256442e-04
9.650983e-01 2.970253e-19 9.936695e-02 1.278231e-04
9.671964e-01 3.070449e-19 1.068779e-01 1.300349e-04
9.692945e-01 3.115568e-19 1.107598e-01 1.322801e-04
9.713926e-01 3.207268e-19 1.181395e-01 1.345590e-04
9.734907e-01 3.256268e-19 1.225677e-01 1.368722e-04
9.755888e-01 3.326077e-19 1.287079e-01 1.392200e-04
9.776869e-01 3.267796e-19 1.250402e-01 1.416029e-04
9.797849e-01 3.208375e-19 1.213118e-01 1.440214e-04
9.818830e-01 3.267008e-19 1.265960e-01 1.464758e-04
9.839811e-01 3.153321e-19 1.186963e-01 1.489668e-04
9.860792e-01 3.131407e-19 1.178026e-01 1.514946e-04
9.881773e-01 3.005811e-19 1.092366e-01 1.540598e-04
9.902754e-01 2.932116e-19 1.046094e-01 1.566629e-04
9.923735e-01 2.951977e-19 1.067067e-01 1.593043e-04
9.944715e-01 2.854633e-19 1.004195e-01 1.619846e-04
9.965696e-01 2.802078e-19 9.736965e-02 1.647041e-04
9.986677e-01 2.759239e-19 9.501276e-02 1.674634e-04
